ASFV 0 100 54186.2499609375
ASFV 100 200 101772.35625
ASFV 200 300 141241.0
ASFV 300 400 163483.0
ASFV 400 500 154507.0
ASFV 500 600 132132.74
ASFV 600 700 130680.75
ASFV 700 800 123750.81
ASFV 800 900 128766.9078125
ASFV 900 1000 97350.3984375
ASFV 1000 1100 96228.294765625
ASFV 1100 1200 144078.92
ASFV 1200 1300 157741.0
ASFV 1300 1400 211795.0
ASFV 1400 1500 187441.0
ASFV 1500 1600 228097.0
ASFV 1600 1700 238393.0
ASFV 1700 1800 298981.0
ASFV 1800 1900 432433.99
ASFV 1900 2000 392504.0
ASFV 2000 2100 307495.22
ASFV 2100 2200 134442.49
ASFV 2200 2300 121242.3996875
ASFV 2300 2400 167707.0
ASFV 2400 2500 205723.0
ASFV 2500 2600 244333.0
ASFV 2600 2700 225919.0
ASFV 2700 2800 178597.0
ASFV 2800 2900 168829.0
ASFV 2900 3000 210475.0
ASFV 3000 3100 304723.0
ASFV 3100 3200 238195.0
ASFV 3200 3300 132330.77504882813
ASFV 3300 3400 16500.086342773437
ASFV 3400 3500 19800.099609375
ASFV 3500 3600 56760.275
ASFV 3600 3700 78408.310078125
ASFV 3700 3800 93324.19625
ASFV 3800 3900 76296.2885546875
ASFV 3900 4000 54516.23578125
ASFV 4000 4100 57816.290625
ASFV 4100 4200 99330.6430859375
ASFV 4200 4300 112332.7615625
ASFV 4300 4400 85140.35984375
ASFV 4400 4500 25542.1198046875
ASFV 4500 4600 21648.099609375
ASFV 4600 4700 80982.208984375
ASFV 4700 4800 131869.0
ASFV 4800 4900 187771.0
ASFV 4900 5000 198991.0
ASFV 5000 5100 193645.0
ASFV 5100 5200 399103.76
ASFV 5200 5300 920371.85
ASFV 5300 5400 1094678.5
ASFV 5400 5500 1227342.32
ASFV 5500 5600 1371028.0
ASFV 5600 5700 1183057.3
ASFV 5700 5800 750157.50484375
ASFV 5800 5900 36564.1547265625
ASFV 5900 6000 18612.07684082031
ASFV 6000 6100 35904.1357421875
ASFV 6100 6200 94248.2566015625
ASFV 6200 6300 169291.0
ASFV 6300 6400 220045.0
ASFV 6400 6500 180313.0
ASFV 6500 6600 155232.87
ASFV 6600 6700 196879.0
ASFV 6700 6800 347425.5
ASFV 6800 6900 330661.1
ASFV 6900 7000 230539.0
ASFV 7000 7100 111540.527421875
ASFV 7100 7200 342013.61
ASFV 7200 7300 842229.23
ASFV 7300 7400 1422837.3
ASFV 7400 7500 1620772.0
ASFV 7500 7600 1600708.0
ASFV 7600 7700 1384822.0
ASFV 7700 7800 1727296.0
ASFV 7800 7900 2096632.0
ASFV 7900 8000 2718022.0
ASFV 8000 8100 3706247.1
ASFV 8100 8200 5914549.2
ASFV 8200 8300 9140707.8
ASFV 8300 8400 8444077.1
ASFV 8400 8500 6456809.1
ASFV 8500 8600 4771952.0
ASFV 8600 8700 6714868.3
ASFV 8700 8800 10269520.2
ASFV 8800 8900 10395079.6
ASFV 8900 9000 7989927.2
ASFV 9000 9100 4342620.4
ASFV 9100 9200 2955094.9
ASFV 9200 9300 3727238.0
ASFV 9300 9400 3657012.5
ASFV 9400 9500 4518379.8
ASFV 9500 9600 8270497.0
ASFV 9600 9700 11401957.0
ASFV 9700 9800 14845084.0
ASFV 9800 9900 11757302.2
ASFV 9900 10000 7756684.1
ASFV 10000 10100 2227179.34
ASFV 10100 10200 483254.0
ASFV 10200 10300 411974.0
ASFV 10300 10400 281227.11
ASFV 10400 10500 87780.407578125
ASFV 10500 10600 132594.76578125
ASFV 10600 10700 139326.85375
ASFV 10700 10800 95700.33640625
ASFV 10800 10900 87516.243046875
ASFV 10900 11000 122694.55296875
ASFV 11000 11100 190939.0
ASFV 11100 11200 134574.981953125
ASFV 11200 11300 143088.83140625
ASFV 11300 11400 79200.296875
ASFV 11400 11500 139656.845625
ASFV 11500 11600 248557.0
ASFV 11600 11700 322741.28
ASFV 11700 11800 403526.0
ASFV 11800 11900 383725.72
ASFV 11900 12000 483584.0
ASFV 12000 12100 593408.81
ASFV 12100 12200 760917.39
ASFV 12200 12300 998251.44
ASFV 12300 12400 897009.79
ASFV 12400 12500 594266.59
ASFV 12500 12600 187110.885859375
ASFV 12600 12700 72402.32125
ASFV 12700 12800 60918.2626953125
ASFV 12800 12900 62634.2666015625
ASFV 12900 13000 69102.270390625
ASFV 13000 13100 160182.98
ASFV 13100 13200 181897.0
ASFV 13200 13300 159985.0
ASFV 13300 13400 66330.2834375
ASFV 13400 13500 70158.285234375
ASFV 13500 13600 71214.296875
ASFV 13600 13700 55044.2475390625
ASFV 13700 13800 8514.043754882812
ASFV 13800 13900 0.0
ASFV 13900 14000 1122.0050634765626
ASFV 14000 14100 11220.078662109376
ASFV 14100 14200 20724.099609375
ASFV 14200 14300 30756.1008984375
ASFV 14300 14400 41118.11330078125
ASFV 14400 14500 173514.95
ASFV 14500 14600 205459.0
ASFV 14600 14700 198529.0
ASFV 14700 14800 141042.81
ASFV 14800 14900 209221.0
ASFV 14900 15000 262747.0
ASFV 15000 15100 222817.0
ASFV 15100 15200 154837.0
ASFV 15200 15300 104808.23515625
ASFV 15300 15400 217999.05
ASFV 15400 15500 708381.07
ASFV 15500 15600 961887.24
ASFV 15600 15700 860049.73
ASFV 15700 15800 338119.46
ASFV 15800 15900 205459.0
ASFV 15900 16000 357391.61
ASFV 16000 16100 581528.58
ASFV 16100 16200 716169.33
ASFV 16200 16300 851073.87
ASFV 16300 16400 760059.0
ASFV 16400 16500 575522.53
ASFV 16500 16600 362077.43
ASFV 16600 16700 303997.21
ASFV 16700 16800 244003.0
ASFV 16800 16900 235027.0
ASFV 16900 17000 224533.0
ASFV 17000 17100 328747.47
ASFV 17100 17200 644162.93
ASFV 17200 17300 1093295.46
ASFV 17300 17400 1264966.0
ASFV 17400 17500 843548.6
ASFV 17500 17600 352573.3953125
ASFV 17600 17700 74646.3294921875
ASFV 17700 17800 65736.263671875
ASFV 17800 17900 39600.19921875
ASFV 17900 18000 24816.10421875
ASFV 18000 18100 35442.12478515625
ASFV 18100 18200 46200.19921875
ASFV 18200 18300 38544.17033203125
ASFV 18300 18400 10362.0737109375
ASFV 18400 18500 0.0
ASFV 18500 18600 15444.060322265625
ASFV 18600 18700 52800.19921875
ASFV 18700 18800 77880.4555078125
ASFV 18800 18900 111672.653515625
ASFV 18900 19000 103752.2071875
ASFV 19000 19100 85668.2161328125
ASFV 19100 19200 36564.17630859375
ASFV 19200 19300 17688.097514648438
ASFV 19300 19400 23100.099609375
ASFV 19400 19500 43758.17078125
ASFV 19500 19600 73392.30703125
ASFV 19600 19700 74184.296875
ASFV 19700 19800 79332.346640625
ASFV 19800 19900 75174.296875
ASFV 19900 20000 107514.4378125
ASFV 20000 20100 164275.0
ASFV 20100 20200 143419.0
ASFV 20200 20300 110286.5225
ASFV 20300 20400 33858.11228515625
ASFV 20400 20500 42768.1767578125
ASFV 20500 20600 47784.20609375
ASFV 20600 20700 119394.81390625
ASFV 20700 20800 147247.0
ASFV 20800 20900 189289.0
ASFV 20900 21000 191005.0
ASFV 21000 21100 178333.0
ASFV 21100 21200 123156.63671875
ASFV 21200 21300 42636.20380859375
ASFV 21300 21400 6798.039833984375
ASFV 21400 21500 6600.02978515625
ASFV 21500 21600 6600.02978515625
ASFV 21600 21700 16434.077060546875
ASFV 21700 21800 145398.818046875
ASFV 21800 21900 207109.0
ASFV 21900 22000 279841.22
ASFV 22000 22100 255091.0
ASFV 22100 22200 323665.32
ASFV 22200 22300 355807.7
ASFV 22300 22400 387817.67
ASFV 22400 22500 393824.0
ASFV 22500 22600 435734.0
ASFV 22600 22700 455666.0
ASFV 22700 22800 409730.0
ASFV 22800 22900 435338.0
ASFV 22900 23000 489590.04
ASFV 23000 23100 582254.61
ASFV 23100 23200 460681.71
ASFV 23200 23300 282877.0
ASFV 23300 23400 145728.67
ASFV 23400 23500 125598.8596875
ASFV 23500 23600 153121.0
ASFV 23600 23700 195031.0
ASFV 23700 23800 292183.16
ASFV 23800 23900 316867.0
ASFV 23900 24000 286837.0
ASFV 24000 24100 203413.0
ASFV 24100 24200 209683.0
ASFV 24200 24300 213841.0
ASFV 24300 24400 280171.0
ASFV 24400 24500 249349.0
ASFV 24500 24600 254629.0
ASFV 24600 24700 231463.0
ASFV 24700 24800 362803.74
ASFV 24800 24900 410654.0
ASFV 24900 25000 402074.0
ASFV 25000 25100 344587.43
ASFV 25100 25200 260965.0
ASFV 25200 25300 168630.823984375
ASFV 25300 25400 115104.423515625
ASFV 25400 25500 354157.54
ASFV 25500 25600 875954.29
ASFV 25600 25700 1220414.1
ASFV 25700 25800 1267208.3
ASFV 25800 25900 823484.51
ASFV 25900 26000 464246.07
ASFV 26000 26100 294559.15
ASFV 26100 26200 411841.84
ASFV 26200 26300 640862.86
ASFV 26300 26400 775107.03
ASFV 26400 26500 741249.05
ASFV 26500 26600 690033.0
ASFV 26600 26700 637299.0
ASFV 26700 26800 600272.82
ASFV 26800 26900 449462.14
ASFV 26900 27000 378313.82
ASFV 27000 27100 393428.0
ASFV 27100 27200 793322.67
ASFV 27200 27300 1456365.9
ASFV 27300 27400 2008060.0
ASFV 27400 27500 1778248.0
ASFV 27500 27600 1321923.7
ASFV 27600 27700 1018911.12
ASFV 27700 27800 953505.64
ASFV 27800 27900 913510.0
ASFV 27900 28000 907371.21
ASFV 28000 28100 1383171.3
ASFV 28100 28200 1723138.0
ASFV 28200 28300 1933480.0
ASFV 28300 28400 1822600.0
ASFV 28400 28500 1581238.0
ASFV 28500 28600 1205167.18
ASFV 28600 28700 959180.54
ASFV 28700 28800 819723.78
ASFV 28800 28900 897999.86
ASFV 28900 29000 873250.0
ASFV 29000 29100 986768.28
ASFV 29100 29200 1121475.48
ASFV 29200 29300 1554640.0
ASFV 29300 29400 1753036.0
ASFV 29400 29500 2482006.0
ASFV 29500 29600 2889754.0
ASFV 29600 29700 2728318.0
ASFV 29700 29800 3964439.5
ASFV 29800 29900 5237450.0
ASFV 29900 30000 4854650.0
ASFV 30000 30100 2616580.94
ASFV 30100 30200 989938.14
ASFV 30200 30300 1388320.0
ASFV 30300 30400 1414455.4
ASFV 30400 30500 902421.36
ASFV 30500 30600 511766.13
ASFV 30600 30700 571826.52
ASFV 30700 30800 699471.14
ASFV 30800 30900 1285687.26
ASFV 30900 31000 1747888.0
ASFV 31000 31100 1531474.0
ASFV 31100 31200 947434.53
ASFV 31200 31300 214039.0
ASFV 31300 31400 186187.0
ASFV 31400 31500 303997.34
ASFV 31500 31600 390590.0
ASFV 31600 31700 475268.0
ASFV 31700 31800 390457.87
ASFV 31800 31900 330133.14
ASFV 31900 32000 180643.0
ASFV 32000 32100 125664.8559375
ASFV 32100 32200 302281.33
ASFV 32200 32300 449264.0
ASFV 32300 32400 509522.0
ASFV 32400 32500 537836.16
ASFV 32500 32600 720723.09
ASFV 32600 32700 775173.06
ASFV 32700 32800 694389.0
ASFV 32800 32900 997397.81
ASFV 32900 33000 1171971.3
ASFV 33000 33100 1036796.7
ASFV 33100 33200 473024.04
ASFV 33200 33300 313369.18
ASFV 33300 33400 509258.41
ASFV 33400 33500 899781.39
ASFV 33500 33600 1036926.28
ASFV 33600 33700 981488.12
ASFV 33700 33800 659540.84
ASFV 33800 33900 470582.0
ASFV 33900 34000 397982.0
ASFV 34000 34100 359701.77
ASFV 34100 34200 510776.2
ASFV 34200 34300 627398.87
ASFV 34300 34400 740325.0
ASFV 34400 34500 586874.4
ASFV 34500 34600 416527.76
ASFV 34600 34700 284923.0
ASFV 34700 34800 270601.0
ASFV 34800 34900 292381.0
ASFV 34900 35000 390325.64
ASFV 35000 35100 449726.0
ASFV 35100 35200 524966.32
ASFV 35200 35300 413227.88
ASFV 35300 35400 365245.79
ASFV 35400 35500 345445.46
ASFV 35500 35600 417847.81
ASFV 35600 35700 598886.8
ASFV 35700 35800 730359.07
ASFV 35800 35900 837411.64
ASFV 35900 36000 779991.18
ASFV 36000 36100 777813.37
ASFV 36100 36200 772533.38
ASFV 36200 36300 918854.74
ASFV 36300 36400 1375516.0
ASFV 36400 36500 1788676.0
ASFV 36500 36600 1691722.0
ASFV 36600 36700 1122862.54
ASFV 36700 36800 1179953.5
ASFV 36800 36900 1612588.0
ASFV 36900 37000 2069506.0
ASFV 37000 37100 1547512.0
ASFV 37100 37200 892852.39
ASFV 37200 37300 271987.37
ASFV 37300 37400 156949.0
ASFV 37400 37500 141043.0
ASFV 37500 37600 177475.0
ASFV 37600 37700 263143.0
ASFV 37700 37800 308815.0
ASFV 37800 37900 331717.29
ASFV 37900 38000 338515.27
ASFV 38000 38100 365773.62
ASFV 38100 38200 432764.0
ASFV 38200 38300 361747.75
ASFV 38300 38400 342343.58
ASFV 38400 38500 269149.0
ASFV 38500 38600 300235.0
ASFV 38600 38700 285319.0
ASFV 38700 38800 432895.93
ASFV 38800 38900 696105.0
ASFV 38900 39000 829557.42
ASFV 39000 39100 941757.72
ASFV 39100 39200 1166623.34
ASFV 39200 39300 1817650.0
ASFV 39300 39400 2317072.0
ASFV 39400 39500 2507482.0
ASFV 39500 39600 2443858.0
ASFV 39600 39700 1835536.0
ASFV 39700 39800 1075542.37
ASFV 39800 39900 294427.4
ASFV 39900 40000 103686.4949609375
ASFV 40000 40100 53724.2134375
ASFV 40100 40200 62832.274609375
ASFV 40200 40300 94446.375390625
ASFV 40300 40400 145267.0
ASFV 40400 40500 153253.0
ASFV 40500 40600 141174.89
ASFV 40600 40700 141703.0
ASFV 40700 40800 123684.7659375
ASFV 40800 40900 135630.945859375
ASFV 40900 41000 129954.85
ASFV 41000 41100 136753.0
ASFV 41100 41200 140778.9759375
ASFV 41200 41300 118140.62
ASFV 41300 41400 148236.82
ASFV 41400 41500 130614.86
ASFV 41500 41600 173449.0
ASFV 41600 41700 194833.0
ASFV 41700 41800 193183.0
ASFV 41800 41900 145135.0
ASFV 41900 42000 90684.467265625
ASFV 42000 42100 68376.296875
ASFV 42100 42200 45276.203125
ASFV 42200 42300 22572.12359375
ASFV 42300 42400 13002.075170898437
ASFV 42400 42500 109296.54017578125
ASFV 42500 42600 195625.0
ASFV 42600 42700 326239.25
ASFV 42700 42800 431114.0
ASFV 42800 42900 466556.0
ASFV 42900 43000 405506.0
ASFV 43000 43100 312115.14
ASFV 43100 43200 370723.68
ASFV 43200 43300 489260.27
ASFV 43300 43400 610898.82
ASFV 43400 43500 504638.0
ASFV 43500 43600 441013.73
ASFV 43600 43700 453619.87
ASFV 43700 43800 552620.35
ASFV 43800 43900 511766.17
ASFV 43900 44000 285451.18
ASFV 44000 44100 170281.0
ASFV 44100 44200 242881.0
ASFV 44200 44300 411775.76
ASFV 44300 44400 508928.0
ASFV 44400 44500 418640.0
ASFV 44500 44600 428210.0
ASFV 44600 44700 354355.81
ASFV 44700 44800 346369.64
ASFV 44800 44900 184405.0
ASFV 44900 45000 209947.0
ASFV 45000 45100 248689.0
ASFV 45100 45200 314689.15
ASFV 45200 45300 327691.06
ASFV 45300 45400 298981.0
ASFV 45400 45500 325513.21
ASFV 45500 45600 312973.0
ASFV 45600 45700 322081.4
ASFV 45700 45800 193249.0
ASFV 45800 45900 93324.5218359375
ASFV 45900 46000 13068.048520507813
ASFV 46000 46100 53064.2690234375
ASFV 46100 46200 152857.0
ASFV 46200 46300 234433.0
ASFV 46300 46400 230605.0
ASFV 46400 46500 151008.925859375
ASFV 46500 46600 63228.2869140625
ASFV 46600 46700 25344.1275
ASFV 46700 46800 31020.12017578125
ASFV 46800 46900 76494.3471484375
ASFV 46900 47000 149689.0
ASFV 47000 47100 144541.0
ASFV 47100 47200 137610.93
ASFV 47200 47300 123684.96
ASFV 47300 47400 117612.74
ASFV 47400 47500 95172.510859375
ASFV 47500 47600 67254.287578125
ASFV 47600 47700 71148.296875
ASFV 47700 47800 56628.2503515625
ASFV 47800 47900 28314.11953125
ASFV 47900 48000 24222.09966796875
ASFV 48000 48100 34518.15439453125
ASFV 48100 48200 70290.3048046875
ASFV 48200 48300 86064.383203125
ASFV 48300 48400 77022.33859375
ASFV 48400 48500 51414.20775390625
ASFV 48500 48600 71610.2983203125
ASFV 48600 48700 88638.323671875
ASFV 48700 48800 91674.1328125
ASFV 48800 48900 63228.2959375
ASFV 48900 49000 74184.3287109375
ASFV 49000 49100 66000.296875
ASFV 49100 49200 81180.37140625
ASFV 49200 49300 148170.631171875
ASFV 49300 49400 318319.21
ASFV 49400 49500 362407.44
ASFV 49500 49600 362275.61
ASFV 49600 49700 264595.0
ASFV 49700 49800 268291.0
ASFV 49800 49900 458174.13
ASFV 49900 50000 775965.52
ASFV 50000 50100 935091.96
ASFV 50100 50200 811209.63
ASFV 50200 50300 822363.55
ASFV 50300 50400 852789.81
ASFV 50400 50500 765735.3
ASFV 50500 50600 468074.04
ASFV 50600 50700 463651.99
ASFV 50700 50800 682112.84
ASFV 50800 50900 920703.79
ASFV 50900 51000 945981.32
ASFV 51000 51100 966045.6
ASFV 51100 51200 867375.94
ASFV 51200 51300 705807.0
ASFV 51300 51400 596246.51
ASFV 51400 51500 455402.0
ASFV 51500 51600 459098.0
ASFV 51600 51700 529850.29
ASFV 51700 51800 587468.74
ASFV 51800 51900 676107.0
ASFV 51900 52000 595454.79
ASFV 52000 52100 677954.97
ASFV 52100 52200 667593.0
ASFV 52200 52300 648321.0
ASFV 52300 52400 665018.99
ASFV 52400 52500 798669.5
ASFV 52500 52600 776427.17
ASFV 52600 52700 692871.0
ASFV 52700 52800 615254.97
ASFV 52800 52900 751347.19
ASFV 52900 53000 570110.66
ASFV 53000 53100 303733.39
ASFV 53100 53200 14916.076215820312
ASFV 53200 53300 25212.116196289062
ASFV 53300 53400 52800.19921875
ASFV 53400 53500 46266.19921875
ASFV 53500 53600 26664.12598144531
ASFV 53600 53700 0.0
ASFV 53700 53800 20064.075703125
ASFV 53800 53900 33066.1293359375
ASFV 53900 54000 39600.19921875
ASFV 54000 54100 19008.1215234375
ASFV 54100 54200 9900.061206054688
ASFV 54200 54300 27720.1278515625
ASFV 54300 54400 81972.337890625
ASFV 54400 54500 102960.2071875
ASFV 54500 54600 86130.350703125
ASFV 54600 54700 45672.20205078125
ASFV 54700 54800 37950.1396484375
ASFV 54800 54900 30822.10091796875
ASFV 54900 55000 19074.098911132813
ASFV 55000 55100 19404.099609375
ASFV 55100 55200 51942.25072265625
ASFV 55200 55300 55902.273359375
ASFV 55300 55400 39732.189453125
ASFV 55400 55500 6798.023125
ASFV 55500 55600 0.0
ASFV 55600 55700 0.0
ASFV 55700 55800 0.0
ASFV 55800 55900 0.0
ASFV 55900 56000 0.0
ASFV 56000 56100 0.0
ASFV 56100 56200 4752.035859375
ASFV 56200 56300 13200.099609375
ASFV 56300 56400 19668.099609375
ASFV 56400 56500 14784.073076171875
ASFV 56500 56600 9834.063999023438
ASFV 56600 56700 6600.02978515625
ASFV 56700 56800 6600.02978515625
ASFV 56800 56900 22902.11345703125
ASFV 56900 57000 89628.48390625
ASFV 57000 57100 170017.0
ASFV 57100 57200 261229.0
ASFV 57200 57300 201169.0
ASFV 57300 57400 128436.776484375
ASFV 57400 57500 50490.2394921875
ASFV 57500 57600 57948.2784375
ASFV 57600 57700 56034.283515625
ASFV 57700 57800 43164.1789453125
ASFV 57800 57900 181368.846328125
ASFV 57900 58000 356533.81
ASFV 58000 58100 479030.0
ASFV 58100 58200 367357.48
ASFV 58200 58300 288883.0
ASFV 58300 58400 333763.37
ASFV 58400 58500 495068.0
ASFV 58500 58600 554996.55
ASFV 58600 58700 518300.0
ASFV 58700 58800 495992.07
ASFV 58800 58900 502526.04
ASFV 58900 59000 494078.0
ASFV 59000 59100 489128.0
ASFV 59100 59200 597500.58
ASFV 59200 59300 747453.0
ASFV 59300 59400 801969.58
ASFV 59400 59500 741645.29
ASFV 59500 59600 565820.41
ASFV 59600 59700 390193.56
ASFV 59700 59800 307495.04
ASFV 59800 59900 399895.86
ASFV 59900 60000 537704.0
ASFV 60000 60100 608126.93
ASFV 60100 60200 599546.72
ASFV 60200 60300 514010.0
ASFV 60300 60400 473552.0
ASFV 60400 60500 439232.0
ASFV 60500 60600 420950.0
ASFV 60600 60700 351583.56
ASFV 60700 60800 278389.07
ASFV 60800 60900 412303.76
ASFV 60900 61000 635714.74
ASFV 61000 61100 883611.24
ASFV 61100 61200 970730.64
ASFV 61200 61300 763623.39
ASFV 61300 61400 521336.32
ASFV 61400 61500 291721.15
ASFV 61500 61600 243739.0
ASFV 61600 61700 323863.11
ASFV 61700 61800 399763.87
ASFV 61800 61900 468536.0
ASFV 61900 62000 375278.0
ASFV 62000 62100 417584.0
ASFV 62100 62200 470252.0
ASFV 62200 62300 483254.0
ASFV 62300 62400 392041.9
ASFV 62400 62500 305185.22
ASFV 62500 62600 247699.0
ASFV 62600 62700 186582.91
ASFV 62700 62800 327955.54
ASFV 62800 62900 528464.0
ASFV 62900 63000 565754.68
ASFV 63000 63100 465698.0
ASFV 63100 63200 382604.0
ASFV 63200 63300 428540.0
ASFV 63300 63400 450584.0
ASFV 63400 63500 661520.98
ASFV 63500 63600 669507.0
ASFV 63600 63700 613604.77
ASFV 63700 63800 273637.06
ASFV 63800 63900 190080.971953125
ASFV 63900 64000 237601.14
ASFV 64000 64100 608654.67
ASFV 64100 64200 848169.81
ASFV 64200 64300 969344.92
ASFV 64300 64400 1311759.8
ASFV 64400 64500 1166292.7
ASFV 64500 64600 1882792.0
ASFV 64600 64700 2857018.0
ASFV 64700 64800 3052246.0
ASFV 64800 64900 2067064.0
ASFV 64900 65000 421082.455859375
ASFV 65000 65100 131803.0
ASFV 65100 65200 115566.849765625
ASFV 65200 65300 92400.42359375
ASFV 65300 65400 97548.479375
ASFV 65400 65500 142296.74
ASFV 65500 65600 215491.0
ASFV 65600 65700 395803.92
ASFV 65700 65800 409334.0
ASFV 65800 65900 343663.63
ASFV 65900 66000 167047.0
ASFV 66000 66100 110022.159921875
ASFV 66100 66200 88638.1953125
ASFV 66200 66300 127248.797734375
ASFV 66300 66400 221233.0
ASFV 66400 66500 247897.0
ASFV 66500 66600 245323.0
ASFV 66600 66700 220111.0
ASFV 66700 66800 262549.0
ASFV 66800 66900 209617.0
ASFV 66900 67000 136620.96390625
ASFV 67000 67100 74646.336328125
ASFV 67100 67200 106128.6780078125
ASFV 67200 67300 193051.0
ASFV 67300 67400 284527.0
ASFV 67400 67500 356599.78
ASFV 67500 67600 339703.34
ASFV 67600 67700 391315.68
ASFV 67700 67800 516584.2
ASFV 67800 67900 685281.0
ASFV 67900 68000 612218.87
ASFV 68000 68100 474938.0
ASFV 68100 68200 392173.97
ASFV 68200 68300 602582.71
ASFV 68300 68400 937137.94
ASFV 68400 68500 1151244.6
ASFV 68500 68600 946046.76
ASFV 68600 68700 752205.11
ASFV 68700 68800 723627.0
ASFV 68800 68900 749037.0
ASFV 68900 69000 639476.73
ASFV 69000 69100 397322.0
ASFV 69100 69200 546878.43
ASFV 69200 69300 763161.31
ASFV 69300 69400 903478.0
ASFV 69400 69500 803817.49
ASFV 69500 69600 851997.43
ASFV 69600 69700 1042602.52
ASFV 69700 69800 1057914.0
ASFV 69800 69900 933176.46
ASFV 69900 70000 623438.79
ASFV 70000 70100 478172.07
ASFV 70100 70200 205657.06
ASFV 70200 70300 248689.0
ASFV 70300 70400 276013.0
ASFV 70400 70500 322477.0
ASFV 70500 70600 181567.0
ASFV 70600 70700 91740.5471484375
ASFV 70700 70800 22638.099609375
ASFV 70800 70900 33462.15640625
ASFV 70900 71000 81510.22578125
ASFV 71000 71100 127776.58
ASFV 71100 71200 204799.0
ASFV 71200 71300 316273.22
ASFV 71300 71400 478040.0
ASFV 71400 71500 448472.0
ASFV 71500 71600 355081.58
ASFV 71600 71700 157212.46
ASFV 71700 71800 100980.3790625
ASFV 71800 71900 40326.17939453125
ASFV 71900 72000 70224.2841796875
ASFV 72000 72100 94248.3515625
ASFV 72100 72200 101706.498828125
ASFV 72200 72300 129228.52578125
ASFV 72300 72400 149227.0
ASFV 72400 72500 166189.0
ASFV 72500 72600 166519.0
ASFV 72600 72700 190675.0
ASFV 72700 72800 226315.0
ASFV 72800 72900 219715.0
ASFV 72900 73000 293569.02
ASFV 73000 73100 397784.0
ASFV 73100 73200 397190.0
ASFV 73200 73300 389863.78
ASFV 73300 73400 264859.0
ASFV 73400 73500 295945.0
ASFV 73500 73600 207967.0
ASFV 73600 73700 258127.0
ASFV 73700 73800 265915.0
ASFV 73800 73900 296011.0
ASFV 73900 74000 263935.0
ASFV 74000 74100 312115.07
ASFV 74100 74200 349537.58
ASFV 74200 74300 401876.0
ASFV 74300 74400 428342.0
ASFV 74400 74500 522920.0
ASFV 74500 74600 480086.0
ASFV 74600 74700 449000.0
ASFV 74700 74800 486026.0
ASFV 74800 74900 499490.0
ASFV 74900 75000 384385.7
ASFV 75000 75100 416725.69
ASFV 75100 75200 668582.83
ASFV 75200 75300 866649.91
ASFV 75300 75400 687393.11
ASFV 75400 75500 622316.55
ASFV 75500 75600 950534.09
ASFV 75600 75700 1155668.4
ASFV 75700 75800 1047623.92
ASFV 75800 75900 637100.75
ASFV 75900 76000 476456.0
ASFV 76000 76100 527474.29
ASFV 76100 76200 870213.0
ASFV 76200 76300 1126095.3
ASFV 76300 76400 1386208.0
ASFV 76400 76500 1363372.0
ASFV 76500 76600 1348390.0
ASFV 76600 76700 1149659.16
ASFV 76700 76800 971324.12
ASFV 76800 76900 883808.57
ASFV 76900 77000 926312.44
ASFV 77000 77100 1072104.68
ASFV 77100 77200 1288722.6
ASFV 77200 77300 1654564.0
ASFV 77300 77400 1630606.0
ASFV 77400 77500 1761286.0
ASFV 77500 77600 1717792.0
ASFV 77600 77700 1898500.0
ASFV 77700 77800 1622752.0
ASFV 77800 77900 1339744.0
ASFV 77900 78000 1609882.0
ASFV 78000 78100 1973278.0
ASFV 78100 78200 1675948.0
ASFV 78200 78300 856486.7
ASFV 78300 78400 310201.12
ASFV 78400 78500 484178.0
ASFV 78500 78600 613340.67
ASFV 78600 78700 760653.39
ASFV 78700 78800 1046105.32
ASFV 78800 78900 1258300.0
ASFV 78900 79000 1118836.84
ASFV 79000 79100 964922.4
ASFV 79100 79200 935751.96
ASFV 79200 79300 1240282.0
ASFV 79300 79400 1274734.0
ASFV 79400 79500 1355584.0
ASFV 79500 79600 1478212.0
ASFV 79600 79700 1417492.0
ASFV 79700 79800 1218234.96
ASFV 79800 79900 873316.0
ASFV 79900 80000 726729.19
ASFV 80000 80100 720987.0
ASFV 80100 80200 621458.89
ASFV 80200 80300 517442.14
ASFV 80300 80400 348085.61
ASFV 80400 80500 348481.47
ASFV 80500 80600 353563.8
ASFV 80600 80700 453488.0
ASFV 80700 80800 465368.0
ASFV 80800 80900 401875.98
ASFV 80900 81000 246247.0
ASFV 81000 81100 144738.83
ASFV 81100 81200 227371.0
ASFV 81200 81300 233047.0
ASFV 81300 81400 296275.06
ASFV 81400 81500 535988.36
ASFV 81500 81600 804609.45
ASFV 81600 81700 1174609.7
ASFV 81700 81800 969014.06
ASFV 81800 81900 772071.16
ASFV 81900 82000 466490.08
ASFV 82000 82100 427286.0
ASFV 82100 82200 417517.89
ASFV 82200 82300 304855.2
ASFV 82300 82400 215227.0
ASFV 82400 82500 176023.0
ASFV 82500 82600 335083.4
ASFV 82600 82700 630170.74
ASFV 82700 82800 766989.19
ASFV 82800 82900 895689.87
ASFV 82900 83000 872391.98
ASFV 83000 83100 1179492.62
ASFV 83100 83200 1471216.0
ASFV 83200 83300 1740562.0
ASFV 83300 83400 1892758.0
ASFV 83400 83500 1853884.0
ASFV 83500 83600 1630870.0
ASFV 83600 83700 1089665.76
ASFV 83700 83800 702837.18
ASFV 83800 83900 609842.71
ASFV 83900 84000 1187215.62
ASFV 84000 84100 1411618.0
ASFV 84100 84200 1527184.0
ASFV 84200 84300 1112234.18
ASFV 84300 84400 1201539.6
ASFV 84400 84500 1504480.0
ASFV 84500 84600 2049706.0
ASFV 84600 84700 2136232.0
ASFV 84700 84800 2047264.0
ASFV 84800 84900 1484350.0
ASFV 84900 85000 1216191.4
ASFV 85000 85100 1256913.2
ASFV 85100 85200 2281168.0
ASFV 85200 85300 3098512.0
ASFV 85300 85400 2659678.0
ASFV 85400 85500 1529228.36
ASFV 85500 85600 498896.11
ASFV 85600 85700 509522.0
ASFV 85700 85800 509324.37
ASFV 85800 85900 917601.85
ASFV 85900 86000 944266.0
ASFV 86000 86100 932319.58
ASFV 86100 86200 651158.93
ASFV 86200 86300 773787.41
ASFV 86300 86400 970335.12
ASFV 86400 86500 1160552.4
ASFV 86500 86600 933836.2
ASFV 86600 86700 1019306.7
ASFV 86700 86800 1698783.6
ASFV 86800 86900 2362612.0
ASFV 86900 87000 2758216.0
ASFV 87000 87100 3314994.1
ASFV 87100 87200 4373774.0
ASFV 87200 87300 5914747.1
ASFV 87300 87400 7274550.0
ASFV 87400 87500 7516374.0
ASFV 87500 87600 6590985.8
ASFV 87600 87700 5714503.6
ASFV 87700 87800 6427506.0
ASFV 87800 87900 6928050.0
ASFV 87900 88000 6407507.3
ASFV 88000 88100 4706216.0
ASFV 88100 88200 4035524.0
ASFV 88200 88300 4031102.0
ASFV 88300 88400 4203362.0
ASFV 88400 88500 4293386.0
ASFV 88500 88600 2900777.1
ASFV 88600 88700 1675485.11
ASFV 88700 88800 184998.8075390625
ASFV 88800 88900 104280.4390625
ASFV 88900 89000 188563.0
ASFV 89000 89100 256015.0
ASFV 89100 89200 539090.32
ASFV 89200 89300 790749.53
ASFV 89300 89400 893512.0
ASFV 89400 89500 686732.91
ASFV 89500 89600 499490.11
ASFV 89600 89700 431444.0
ASFV 89700 89800 382208.0
ASFV 89800 89900 296605.18
ASFV 89900 90000 226051.0
ASFV 90000 90100 234829.0
ASFV 90100 90200 262285.0
ASFV 90200 90300 289081.0
ASFV 90300 90400 258391.0
ASFV 90400 90500 374419.98
ASFV 90500 90600 339439.41
ASFV 90600 90700 300895.09
ASFV 90700 90800 197209.0
ASFV 90800 90900 190873.0
ASFV 90900 91000 184999.0
ASFV 91000 91100 115038.371796875
ASFV 91100 91200 128172.74
ASFV 91200 91300 70290.2312890625
ASFV 91300 91400 58344.2314453125
ASFV 91400 91500 39930.1665625
ASFV 91500 91600 48378.19921875
ASFV 91600 91700 42834.1645703125
ASFV 91700 91800 38148.1653515625
ASFV 91800 91900 46332.19921875
ASFV 91900 92000 85206.35546875
ASFV 92000 92100 89364.3203125
ASFV 92100 92200 109626.0
ASFV 92200 92300 63096.1741796875
ASFV 92300 92400 148104.7358984375
ASFV 92400 92500 218263.0
ASFV 92500 92600 319177.28
ASFV 92600 92700 283801.03
ASFV 92700 92800 262681.0
ASFV 92800 92900 187705.0
ASFV 92900 93000 175957.0
ASFV 93000 93100 170215.0
ASFV 93100 93200 223147.0
ASFV 93200 93300 245191.0
ASFV 93300 93400 240769.0
ASFV 93400 93500 241759.0
ASFV 93500 93600 225061.0
ASFV 93600 93700 198199.0
ASFV 93700 93800 139723.0
ASFV 93800 93900 175957.0
ASFV 93900 94000 322741.44
ASFV 94000 94100 404582.0
ASFV 94100 94200 350923.62
ASFV 94200 94300 217735.0
ASFV 94300 94400 170611.0
ASFV 94400 94500 179323.0
ASFV 94500 94600 135960.657890625
ASFV 94600 94700 94908.26890625
ASFV 94700 94800 67848.2558984375
ASFV 94800 94900 125730.81
ASFV 94900 95000 152329.0
ASFV 95000 95100 226381.0
ASFV 95100 95200 237139.0
ASFV 95200 95300 319177.2
ASFV 95300 95400 328813.28
ASFV 95400 95500 337921.33
ASFV 95500 95600 337921.39
ASFV 95600 95700 284263.0
ASFV 95700 95800 241165.0
ASFV 95800 95900 191269.0
ASFV 95900 96000 174901.0
ASFV 96000 96100 192061.0
ASFV 96100 96200 118272.73
ASFV 96200 96300 64020.22993164063
ASFV 96300 96400 11484.055620117188
ASFV 96400 96500 22968.099609375
ASFV 96500 96600 37620.15908203125
ASFV 96600 96700 39864.1953125
ASFV 96700 96800 44682.19921875
ASFV 96800 96900 32868.1387890625
ASFV 96900 97000 20724.099609375
ASFV 97000 97100 4554.022153320312
ASFV 97100 97200 6864.03337890625
ASFV 97200 97300 22704.1005078125
ASFV 97300 97400 40128.138671875
ASFV 97400 97500 66132.296875
ASFV 97500 97600 66858.2985546875
ASFV 97600 97700 83754.23171875
ASFV 97700 97800 75900.296875
ASFV 97800 97900 69102.296953125
ASFV 97900 98000 45474.18947265625
ASFV 98000 98100 46530.200234375
ASFV 98100 98200 38280.14453125
ASFV 98200 98300 31944.12517578125
ASFV 98300 98400 18414.09192871094
ASFV 98400 98500 23892.0996484375
ASFV 98500 98600 27852.1000390625
ASFV 98600 98700 15708.099609375
ASFV 98700 98800 9702.062602539063
ASFV 98800 98900 12606.09123046875
ASFV 98900 99000 19800.099609375
ASFV 99000 99100 22374.09984375
ASFV 99100 99200 27918.12875
ASFV 99200 99300 39204.193359375
ASFV 99300 99400 44946.2138671875
ASFV 99400 99500 71280.297421875
ASFV 99500 99600 94776.654140625
ASFV 99600 99700 176881.0
ASFV 99700 99800 380425.54
ASFV 99800 99900 498764.0
ASFV 99900 100000 507806.0
ASFV 100000 100100 607928.41
ASFV 100100 100200 847641.75
ASFV 100200 100300 956013.48
ASFV 100300 100400 1128802.58
ASFV 100400 100500 1384360.0
ASFV 100500 100600 1798972.0
ASFV 100600 100700 1856392.0
ASFV 100700 100800 1664068.0
ASFV 100800 100900 1353472.0
ASFV 100900 101000 1299814.0
ASFV 101000 101100 1252624.0
ASFV 101100 101200 1122994.7
ASFV 101200 101300 847839.29
ASFV 101300 101400 915224.87
ASFV 101400 101500 1232623.9
ASFV 101500 101600 1400794.0
ASFV 101600 101700 1582426.0
ASFV 101700 101800 1699642.0
ASFV 101800 101900 1547974.0
ASFV 101900 102000 1101347.46
ASFV 102000 102100 869157.82
ASFV 102100 102200 982610.4
ASFV 102200 102300 1096990.48
ASFV 102300 102400 1468906.0
ASFV 102400 102500 1767820.0
ASFV 102500 102600 2087194.0
ASFV 102600 102700 1632322.0
ASFV 102700 102800 1199357.2
ASFV 102800 102900 1097848.08
ASFV 102900 103000 1398946.0
ASFV 103000 103100 1769140.0
ASFV 103100 103200 1680238.0
ASFV 103200 103300 1628230.0
ASFV 103300 103400 1569160.0
ASFV 103400 103500 1456234.0
ASFV 103500 103600 1462504.0
ASFV 103600 103700 1376044.0
ASFV 103700 103800 1458610.0
ASFV 103800 103900 1250247.4
ASFV 103900 104000 977660.44
ASFV 104000 104100 920637.6
ASFV 104100 104200 1006171.6
ASFV 104200 104300 1187348.0
ASFV 104300 104400 998053.64
ASFV 104400 104500 807843.66
ASFV 104500 104600 753525.21
ASFV 104600 104700 1220345.26
ASFV 104700 104800 1660438.0
ASFV 104800 104900 1934338.0
ASFV 104900 105000 1730860.0
ASFV 105000 105100 1354923.5
ASFV 105100 105200 1330768.0
ASFV 105200 105300 1527514.0
ASFV 105300 105400 1937044.0
ASFV 105400 105500 1740628.0
ASFV 105500 105600 1419802.0
ASFV 105600 105700 1100553.26
ASFV 105700 105800 1123124.7
ASFV 105800 105900 1129725.4
ASFV 105900 106000 1164114.6
ASFV 106000 106100 1395382.0
ASFV 106100 106200 1612192.0
ASFV 106200 106300 1482700.0
ASFV 106300 106400 1300999.5
ASFV 106400 106500 1261600.0
ASFV 106500 106600 1567510.0
ASFV 106600 106700 1916320.0
ASFV 106700 106800 2362216.0
ASFV 106800 106900 2270938.0
ASFV 106900 107000 1820686.0
ASFV 107000 107100 1262325.9
ASFV 107100 107200 1569820.0
ASFV 107200 107300 1915264.0
ASFV 107300 107400 2206918.0
ASFV 107400 107500 2477254.0
ASFV 107500 107600 2333110.0
ASFV 107600 107700 2234770.0
ASFV 107700 107800 1629814.0
ASFV 107800 107900 4044431.0
ASFV 107900 108000 9487204.2
ASFV 108000 108100 16804426.0
ASFV 108100 108200 20305924.0
ASFV 108200 108300 19808746.0
ASFV 108300 108400 14801254.0
ASFV 108400 108500 8394699.8
ASFV 108500 108600 2783693.15
ASFV 108600 108700 72468.33029296875
ASFV 108700 108800 28842.12271484375
ASFV 108800 108900 74514.272265625
ASFV 108900 109000 116292.65359375
ASFV 109000 109100 143749.0
ASFV 109100 109200 151537.0
ASFV 109200 109300 160909.0
ASFV 109300 109400 135234.99
ASFV 109400 109500 130614.7
ASFV 109500 109600 164671.0
ASFV 109600 109700 255883.0
ASFV 109700 109800 278059.0
ASFV 109800 109900 234235.0
ASFV 109900 110000 145399.0
ASFV 110000 110100 94710.282734375
ASFV 110100 110200 117150.661484375
ASFV 110200 110300 127579.0
ASFV 110300 110400 114180.665703125
ASFV 110400 110500 92334.300390625
ASFV 110500 110600 163944.71984375
ASFV 110600 110700 282217.0
ASFV 110700 110800 341419.39
ASFV 110800 110900 489458.0
ASFV 110900 111000 414086.0
ASFV 111000 111100 349933.52
ASFV 111100 111200 147774.95
ASFV 111200 111300 106722.416875
ASFV 111300 111400 118668.69
ASFV 111400 111500 133980.70796875
ASFV 111500 111600 225457.0
ASFV 111600 111700 304327.36
ASFV 111700 111800 304855.05
ASFV 111800 111900 197341.0
ASFV 111900 112000 64746.21201171875
ASFV 112000 112100 102036.586328125
ASFV 112100 112200 220441.0
ASFV 112200 112300 293041.0
ASFV 112300 112400 287431.0
ASFV 112400 112500 282217.0
ASFV 112500 112600 345115.52
ASFV 112600 112700 380426.0
ASFV 112700 112800 386167.9
ASFV 112800 112900 318979.13
ASFV 112900 113000 247237.0
ASFV 113000 113100 198067.0
ASFV 113100 113200 234697.0
ASFV 113200 113300 210805.0
ASFV 113300 113400 172657.0
ASFV 113400 113500 117084.491953125
ASFV 113500 113600 148896.84
ASFV 113600 113700 258325.0
ASFV 113700 113800 330067.3
ASFV 113800 113900 440816.0
ASFV 113900 114000 378379.78
ASFV 114000 114100 339373.31
ASFV 114100 114200 312841.25
ASFV 114200 114300 326635.0
ASFV 114300 114400 274693.0
ASFV 114400 114500 220309.0
ASFV 114500 114600 194371.0
ASFV 114600 114700 211333.0
ASFV 114700 114800 233311.0
ASFV 114800 114900 418771.67
ASFV 114900 115000 568196.41
ASFV 115000 115100 562520.4
ASFV 115100 115200 386827.86
ASFV 115200 115300 283933.02
ASFV 115300 115400 257269.0
ASFV 115400 115500 322543.24
ASFV 115500 115600 315415.0
ASFV 115600 115700 347227.59
ASFV 115700 115800 351385.41
ASFV 115800 115900 450980.0
ASFV 115900 116000 458438.0
ASFV 116000 116100 436922.0
ASFV 116100 116200 340495.28
ASFV 116200 116300 304261.0
ASFV 116300 116400 323269.18
ASFV 116400 116500 237799.0
ASFV 116500 116600 271525.06
ASFV 116600 116700 410653.76
ASFV 116700 116800 787515.54
ASFV 116800 116900 969148.0
ASFV 116900 117000 1085700.62
ASFV 117000 117100 1085767.64
ASFV 117100 117200 1042602.72
ASFV 117200 117300 804213.57
ASFV 117300 117400 493088.27
ASFV 117400 117500 340825.33
ASFV 117500 117600 375871.48
ASFV 117600 117700 693068.78
ASFV 117700 117800 718215.0
ASFV 117800 117900 530378.45
ASFV 117900 118000 133782.6005078125
ASFV 118000 118100 20262.074125976564
ASFV 118100 118200 6732.031181640625
ASFV 118200 118300 13200.099609375
ASFV 118300 118400 12144.059111328124
ASFV 118400 118500 44550.195234375
ASFV 118500 118600 39600.19921875
ASFV 118600 118700 39270.15625
ASFV 118700 118800 7458.034711914062
ASFV 118800 118900 24222.121474609376
ASFV 118900 119000 86196.29140625
ASFV 119000 119100 148302.77
ASFV 119100 119200 191665.0
ASFV 119200 119300 193975.0
ASFV 119300 119400 178795.0
ASFV 119400 119500 145134.99
ASFV 119500 119600 152725.0
ASFV 119600 119700 246973.0
ASFV 119700 119800 356863.56
ASFV 119800 119900 412634.0
ASFV 119900 120000 414812.0
ASFV 120000 120100 338449.28
ASFV 120100 120200 405308.0
ASFV 120200 120300 576182.52
ASFV 120300 120400 662511.0
ASFV 120400 120500 482330.02
ASFV 120500 120600 227833.02
ASFV 120600 120700 138006.95
ASFV 120700 120800 167641.0
ASFV 120800 120900 172261.0
ASFV 120900 121000 178993.0
ASFV 121000 121100 165727.0
ASFV 121100 121200 191401.0
ASFV 121200 121300 300037.47
ASFV 121300 121400 448670.0
ASFV 121400 121500 558494.59
ASFV 121500 121600 540542.4
ASFV 121600 121700 586676.59
ASFV 121700 121800 674853.0
ASFV 121800 121900 728181.0
ASFV 121900 122000 608588.73
ASFV 122000 122100 413425.89
ASFV 122100 122200 254827.0
ASFV 122200 122300 315217.14
ASFV 122300 122400 819458.26
ASFV 122400 122500 1419009.6
ASFV 122500 122600 1488376.0
ASFV 122600 122700 1112106.1
ASFV 122700 122800 832065.38
ASFV 122800 122900 1081151.44
ASFV 122900 123000 1303048.0
ASFV 123000 123100 1276318.0
ASFV 123100 123200 982942.54
ASFV 123200 123300 593144.65
ASFV 123300 123400 377125.55
ASFV 123400 123500 369073.46
ASFV 123500 123600 589316.67
ASFV 123600 123700 709173.0
ASFV 123700 123800 657891.0
ASFV 123800 123900 463388.24
ASFV 123900 124000 364057.67
ASFV 124000 124100 482330.0
ASFV 124100 124200 531170.0
ASFV 124200 124300 603176.66
ASFV 124300 124400 616244.94
ASFV 124400 124500 652809.0
ASFV 124500 124600 526484.28
ASFV 124600 124700 447614.0
ASFV 124700 124800 565292.57
ASFV 124800 124900 649773.0
ASFV 124900 125000 656306.92
ASFV 125000 125100 582122.71
ASFV 125100 125200 627135.0
ASFV 125200 125300 734121.0
ASFV 125300 125400 706599.03
ASFV 125400 125500 1042540.55
ASFV 125500 125600 1125238.3
ASFV 125600 125700 1148406.4
ASFV 125700 125800 717423.26
ASFV 125800 125900 527276.11
ASFV 125900 126000 543644.26
ASFV 126000 126100 659277.0
ASFV 126100 126200 738147.0
ASFV 126200 126300 581132.35
ASFV 126300 126400 506948.06
ASFV 126400 126500 437252.02
ASFV 126500 126600 745275.22
ASFV 126600 126700 951459.36
ASFV 126700 126800 843549.66
ASFV 126800 126900 499886.17
ASFV 126900 127000 425371.92
ASFV 127000 127100 999575.11
ASFV 127100 127200 3036937.5
ASFV 127200 127300 5800174.4
ASFV 127300 127400 5399416.1
ASFV 127400 127500 3302325.6
ASFV 127500 127600 275815.6575
ASFV 127600 127700 46992.19921875
ASFV 127700 127800 47058.2094140625
ASFV 127800 127900 50886.24390625
ASFV 127900 128000 67650.3004296875
ASFV 128000 128100 186120.937890625
ASFV 128100 128200 401809.81
ASFV 128200 128300 626012.68
ASFV 128300 128400 864867.93
ASFV 128400 128500 858070.0
ASFV 128500 128600 810945.63
ASFV 128600 128700 767913.08
ASFV 128700 128800 772995.19
ASFV 128800 128900 733197.0
ASFV 128900 129000 600866.93
ASFV 129000 129100 501866.08
ASFV 129100 129200 354421.53
ASFV 129200 129300 179587.0
ASFV 129300 129400 73722.3272265625
ASFV 129400 129500 107976.69796875
ASFV 129500 129600 139063.0
ASFV 129600 129700 112134.789609375
ASFV 129700 129800 54384.2490234375
ASFV 129800 129900 0.0
ASFV 129900 130000 0.0
ASFV 130000 130100 6600.0458203125
ASFV 130100 130200 44616.2032421875
ASFV 130200 130300 75042.303984375
ASFV 130300 130400 78672.349921875
ASFV 130400 130500 40392.181875
ASFV 130500 130600 26598.11455078125
ASFV 130600 130700 19800.099609375
ASFV 130700 130800 24882.099609375
ASFV 130800 130900 9768.04095703125
ASFV 130900 131000 6600.02978515625
ASFV 131000 131100 10362.069584960938
ASFV 131100 131200 13728.099609375
ASFV 131200 131300 19800.099609375
ASFV 131300 131400 23760.099609375
ASFV 131400 131500 25740.099609375
ASFV 131500 131600 36894.16634765625
ASFV 131600 131700 39204.154296875
ASFV 131700 131800 37422.1669921875
ASFV 131800 131900 21846.108842773436
ASFV 131900 132000 19008.077094726563
ASFV 132000 132100 43692.1884765625
ASFV 132100 132200 50292.19921875
ASFV 132200 132300 65076.290625
ASFV 132300 132400 96360.18984375
ASFV 132400 132500 127776.9
ASFV 132500 132600 118272.559765625
ASFV 132600 132700 82698.29765625
ASFV 132700 132800 45672.20703125
ASFV 132800 132900 35442.1201171875
ASFV 132900 133000 28050.13080078125
ASFV 133000 133100 45804.19921875
ASFV 133100 133200 45672.2029296875
ASFV 133200 133300 63360.2871875
ASFV 133300 133400 53064.20328125
ASFV 133400 133500 43230.17033203125
ASFV 133500 133600 9042.043779296875
ASFV 133600 133700 6600.02978515625
ASFV 133700 133800 25740.11736816406
ASFV 133800 133900 73656.296875
ASFV 133900 134000 116820.74765625
ASFV 134000 134100 201433.0
ASFV 134100 134200 315613.25
ASFV 134200 134300 511898.11
ASFV 134300 134400 564170.43
ASFV 134400 134500 547736.52
ASFV 134500 134600 460484.0
ASFV 134600 134700 534470.37
ASFV 134700 134800 748839.15
ASFV 134800 134900 859917.99
ASFV 134900 135000 847378.0
ASFV 135000 135100 825201.54
ASFV 135100 135200 852129.73
ASFV 135200 135300 634658.72
ASFV 135300 135400 290665.18890625
ASFV 135400 135500 24354.100078125
ASFV 135500 135600 27720.10091796875
ASFV 135600 135700 71940.321171875
ASFV 135700 135800 74448.320234375
ASFV 135800 135900 71544.2939453125
ASFV 135900 136000 28776.14443359375
ASFV 136000 136100 10362.069584960938
ASFV 136100 136200 5676.025615234375
ASFV 136200 136300 3696.0166796875
ASFV 136300 136400 22836.087041015624
ASFV 136400 136500 32472.10140625
ASFV 136500 136600 54516.220859375
ASFV 136600 136700 75768.313125
ASFV 136700 136800 81114.326328125
ASFV 136800 136900 76956.3084375
ASFV 136900 137000 61842.2993359375
ASFV 137000 137100 81708.351796875
ASFV 137100 137200 80718.3694921875
ASFV 137200 137300 73656.2974609375
ASFV 137300 137400 40326.1809375
ASFV 137400 137500 24684.1215234375
ASFV 137500 137600 22374.11255859375
ASFV 137600 137700 38808.195234375
ASFV 137700 137800 37290.1753125
ASFV 137800 137900 32802.10150390625
ASFV 137900 138000 15840.0996484375
ASFV 138000 138100 26004.09982421875
ASFV 138100 138200 34122.13748046875
ASFV 138200 138300 58608.240859375
ASFV 138300 138400 71940.2970703125
ASFV 138400 138500 59598.2578125
ASFV 138500 138600 37488.155390625
ASFV 138600 138700 19470.106674804687
ASFV 138700 138800 43890.19921875
ASFV 138800 138900 55242.236796875
ASFV 138900 139000 49764.2441796875
ASFV 139000 139100 20856.09123046875
ASFV 139100 139200 23496.1001171875
ASFV 139200 139300 41184.19126953125
ASFV 139300 139400 65208.27734375
ASFV 139400 139500 84810.330390625
ASFV 139500 139600 101244.26296875
ASFV 139600 139700 96822.33671875
ASFV 139700 139800 131604.699453125
ASFV 139800 139900 185197.0
ASFV 139900 140000 233773.0
ASFV 140000 140100 221167.0
ASFV 140100 140200 262813.0
ASFV 140200 140300 251263.0
ASFV 140300 140400 234433.0
ASFV 140400 140500 147906.91
ASFV 140500 140600 141372.94
ASFV 140600 140700 148567.0
ASFV 140700 140800 131670.753515625
ASFV 140800 140900 92334.276328125
ASFV 140900 141000 98274.47859375
ASFV 141000 141100 100452.548828125
ASFV 141100 141200 151471.0
ASFV 141200 141300 152065.0
ASFV 141300 141400 144606.87
ASFV 141400 141500 116358.61125
ASFV 141500 141600 74712.331640625
ASFV 141600 141700 97482.261875
ASFV 141700 141800 87978.3984375
ASFV 141800 141900 113520.659375
ASFV 141900 142000 129757.0
ASFV 142000 142100 120714.93
ASFV 142100 142200 105996.591953125
ASFV 142200 142300 85074.3334375
ASFV 142300 142400 120252.8565625
ASFV 142400 142500 103224.5678125
ASFV 142500 142600 103158.08765625
ASFV 142600 142700 57486.2291015625
ASFV 142700 142800 74778.187265625
ASFV 142800 142900 94578.31875
ASFV 142900 143000 95502.464609375
ASFV 143000 143100 115632.595546875
ASFV 143100 143200 115104.52375
ASFV 143200 143300 128832.88
ASFV 143300 143400 109824.381640625
ASFV 143400 143500 78408.2851171875
ASFV 143500 143600 106986.15140625
ASFV 143600 143700 88440.218984375
ASFV 143700 143800 80982.3207421875
ASFV 143800 143900 45870.19921875
ASFV 143900 144000 34056.1573828125
ASFV 144000 144100 15312.061904296876
ASFV 144100 144200 10296.06888671875
ASFV 144200 144300 8118.045844726563
ASFV 144300 144400 13200.099609375
ASFV 144400 144500 14916.070009765624
ASFV 144500 144600 688382.731640625
ASFV 144600 144700 2022910.0
ASFV 144700 144800 3087160.0
ASFV 144800 144900 3031588.4
ASFV 144900 145000 2372776.0
ASFV 145000 145100 2227774.0
ASFV 145100 145200 2203948.0
ASFV 145200 145300 1746964.0
ASFV 145300 145400 1011653.1
ASFV 145400 145500 775041.41
ASFV 145500 145600 1110322.06
ASFV 145600 145700 1606120.0
ASFV 145700 145800 1467718.0
ASFV 145800 145900 941096.49
ASFV 145900 146000 269809.235390625
ASFV 146000 146100 77022.3096875
ASFV 146100 146200 52008.22359375
ASFV 146200 146300 64746.2976171875
ASFV 146300 146400 35244.1142578125
ASFV 146400 146500 36168.14642578125
ASFV 146500 146600 34056.12001953125
ASFV 146600 146700 46200.19921875
ASFV 146700 146800 100914.594609375
ASFV 146800 146900 192061.0
ASFV 146900 147000 234763.0
ASFV 147000 147100 257203.0
ASFV 147100 147200 225589.0
ASFV 147200 147300 223543.0
ASFV 147300 147400 194305.0
ASFV 147400 147500 144871.0
ASFV 147500 147600 114510.799296875
ASFV 147600 147700 90882.378125
ASFV 147700 147800 124938.91
ASFV 147800 147900 138204.89
ASFV 147900 148000 154045.0
ASFV 148000 148100 152923.0
ASFV 148100 148200 208231.0
ASFV 148200 148300 266971.02
ASFV 148300 148400 427946.0
ASFV 148400 148500 574070.32
ASFV 148500 148600 675975.0
ASFV 148600 148700 492164.21
ASFV 148700 148800 259777.059609375
ASFV 148800 148900 58014.277578125
ASFV 148900 149000 69432.2778125
ASFV 149000 149100 85338.379140625
ASFV 149100 149200 91608.39640625
ASFV 149200 149300 108438.5796875
ASFV 149300 149400 154045.0
ASFV 149400 149500 145201.0
ASFV 149500 149600 89496.43884765625
ASFV 149600 149700 49368.19921875
ASFV 149700 149800 55770.236484375
ASFV 149800 149900 72006.29890625
ASFV 149900 150000 72072.301953125
ASFV 150000 150100 61380.295625
ASFV 150100 150200 41910.1794140625
ASFV 150200 150300 27522.11654296875
ASFV 150300 150400 31152.12876953125
ASFV 150400 150500 27852.1375390625
ASFV 150500 150600 15312.099609375
ASFV 150600 150700 8184.058955078125
ASFV 150700 150800 21648.096127929686
ASFV 150800 150900 41844.200234375
ASFV 150900 151000 87450.3711328125
ASFV 151000 151100 72006.305546875
ASFV 151100 151200 95964.12890625
ASFV 151200 151300 78804.3375
ASFV 151300 151400 134046.759375
ASFV 151400 151500 187837.0
ASFV 151500 151600 350329.5
ASFV 151600 151700 545030.42
ASFV 151700 151800 571166.62
ASFV 151800 151900 513878.0
ASFV 151900 152000 400027.7
ASFV 152000 152100 398444.0
ASFV 152100 152200 503714.0
ASFV 152200 152300 443522.0
ASFV 152300 152400 338185.37
ASFV 152400 152500 96426.4074609375
ASFV 152500 152600 158598.676796875
ASFV 152600 152700 495926.09
ASFV 152700 152800 1534442.3
ASFV 152800 152900 2749966.0
ASFV 152900 153000 3396506.5
ASFV 153000 153100 3311232.0
ASFV 153100 153200 2962684.0
ASFV 153200 153300 2902162.0
ASFV 153300 153400 2479696.0
ASFV 153400 153500 1661031.9
ASFV 153500 153600 729566.88
ASFV 153600 153700 192192.88731933595
ASFV 153700 153800 5742.037124023437
ASFV 153800 153900 13200.099609375
ASFV 153900 154000 13200.099609375
ASFV 154000 154100 15576.099609375
ASFV 154100 154200 121638.4655859375
ASFV 154200 154300 327493.35
ASFV 154300 154400 1023533.37
ASFV 154400 154500 1612786.0
ASFV 154500 154600 1691590.0
ASFV 154600 154700 1311493.4
ASFV 154700 154800 824013.33
ASFV 154800 154900 711945.0
ASFV 154900 155000 385507.62
ASFV 155000 155100 288553.11
ASFV 155100 155200 395671.8
ASFV 155200 155300 475070.0
ASFV 155300 155400 372175.58
ASFV 155400 155500 117084.5433203125
ASFV 155500 155600 131472.666875
ASFV 155600 155700 294625.29
ASFV 155700 155800 540938.37
ASFV 155800 155900 687921.0
ASFV 155900 156000 620930.69
ASFV 156000 156100 391909.61
ASFV 156100 156200 174967.0
ASFV 156200 156300 112134.14
ASFV 156300 156400 104016.123515625
ASFV 156400 156500 88044.2921484375
ASFV 156500 156600 38346.15333984375
ASFV 156600 156700 24024.082314453124
ASFV 156700 156800 103224.53501953125
ASFV 156800 156900 413953.81
ASFV 156900 157000 1558466.38
ASFV 157000 157100 3075414.7
ASFV 157100 157200 4528808.0
ASFV 157200 157300 5021366.0
ASFV 157300 157400 5645467.1
ASFV 157400 157500 4868708.0
ASFV 157500 157600 3412149.2
ASFV 157600 157700 1279349.69
ASFV 157700 157800 475730.0
ASFV 157800 157900 394945.83
ASFV 157900 158000 282943.0
ASFV 158000 158100 140118.695859375
ASFV 158100 158200 193645.0278125
ASFV 158200 158300 656306.94
ASFV 158300 158400 1272950.3
ASFV 158400 158500 1548766.0
ASFV 158500 158600 1168603.0
ASFV 158600 158700 663567.08
ASFV 158700 158800 618950.87
ASFV 158800 158900 807711.41
ASFV 158900 159000 1116921.7
ASFV 159000 159100 1362052.0
ASFV 159100 159200 1892494.0
ASFV 159200 159300 1877842.0
ASFV 159300 159400 1507780.0
ASFV 159400 159500 717488.63
ASFV 159500 159600 338581.39
ASFV 159600 159700 87978.373828125
ASFV 159700 159800 89958.381171875
ASFV 159800 159900 60390.2716796875
ASFV 159900 160000 76758.3194140625
ASFV 160000 160100 118536.79546875
ASFV 160100 160200 138007.0
ASFV 160200 160300 101574.154140625
ASFV 160300 160400 42636.1683984375
ASFV 160400 160500 69564.31619140625
ASFV 160500 160600 192061.0
ASFV 160600 160700 286441.02
ASFV 160700 160800 371581.94
ASFV 160800 160900 616772.64
ASFV 160900 161000 1110918.68
ASFV 161000 161100 1669150.0
ASFV 161100 161200 1757722.0
ASFV 161200 161300 1545070.0
ASFV 161300 161400 1501840.0
ASFV 161400 161500 1379938.0
ASFV 161500 161600 1150980.9
ASFV 161600 161700 723363.12
ASFV 161700 161800 757551.01
ASFV 161800 161900 1536687.4
ASFV 161900 162000 1988524.0
ASFV 162000 162100 2531902.0
ASFV 162100 162200 2412046.0
ASFV 162200 162300 2525566.0
ASFV 162300 162400 1702942.0
ASFV 162400 162500 2030500.0
ASFV 162500 162600 3251701.4
ASFV 162600 162700 3765716.0
ASFV 162700 162800 3589360.4
ASFV 162800 162900 3020897.1
ASFV 162900 163000 6238349.2
ASFV 163000 163100 5520066.1
ASFV 163100 163200 4222434.8
ASFV 163200 163300 722505.41
ASFV 163300 163400 875294.92
ASFV 163400 163500 1647435.9
ASFV 163500 163600 1423828.0
ASFV 163600 163700 1048413.63
ASFV 163700 163800 266971.12
ASFV 163800 163900 337657.38
ASFV 163900 164000 351451.74
ASFV 164000 164100 357853.86
ASFV 164100 164200 346369.49
ASFV 164200 164300 386828.0
ASFV 164300 164400 351121.46
ASFV 164400 164500 328351.21
ASFV 164500 164600 287893.0
ASFV 164600 164700 274825.0
ASFV 164700 164800 256939.0
ASFV 164800 164900 232849.0
ASFV 164900 165000 166981.0
ASFV 165000 165100 98670.55375
ASFV 165100 165200 50490.208359375
ASFV 165200 165300 56430.2476953125
ASFV 165300 165400 50886.200234375
ASFV 165400 165500 50358.19921875
ASFV 165500 165600 42834.1875
ASFV 165600 165700 75438.331953125
ASFV 165700 165800 180643.0
ASFV 165800 165900 202621.0
ASFV 165900 166000 189817.0
ASFV 166000 166100 100584.622578125
ASFV 166100 166200 85272.33953125
ASFV 166200 166300 49632.2091796875
ASFV 166300 166400 44616.1904296875
ASFV 166400 166500 44154.1572265625
ASFV 166500 166600 44880.19921875
ASFV 166600 166700 37488.16236328125
ASFV 166700 166800 19602.099609375
ASFV 166800 166900 7656.043759765625
ASFV 166900 167000 0.0
ASFV 167000 167100 2574.0144384765626
ASFV 167100 167200 49302.212890625
ASFV 167200 167300 79200.296875
ASFV 167300 167400 84282.349921875
ASFV 167400 167500 54120.2591015625
ASFV 167500 167600 26400.099609375
ASFV 167600 167700 21648.1
ASFV 167700 167800 20922.09974609375
ASFV 167800 167900 19800.099609375
ASFV 167900 168000 24486.1136328125
ASFV 168000 168100 32868.1498828125
ASFV 168100 168200 62238.2533203125
ASFV 168200 168300 125928.85
ASFV 168300 168400 131737.0
ASFV 168400 168500 106326.593359375
ASFV 168500 168600 35178.15796386719
ASFV 168600 168700 11814.084946289062
ASFV 168700 168800 8316.04654296875
ASFV 168800 168900 19800.099609375
ASFV 168900 169000 14454.099609375
ASFV 169000 169100 19536.099609375
ASFV 169100 169200 13200.099609375
ASFV 169200 169300 19404.099609375
ASFV 169300 169400 12672.077265625
ASFV 169400 169500 7260.036767578125
ASFV 169500 169600 6864.032578125
ASFV 169600 169700 12012.087041015626
ASFV 169700 169800 12408.09123046875
ASFV 169800 169900 6600.02978515625
ASFV 169900 170000 1056.004765625
ASFV 170000 170100 0.0
ASFV 170100 170101 0.0
