ASFV 0 100 9868.720729166665
ASFV 100 200 31938.70364583333
ASFV 200 300 52550.31
ASFV 300 400 59050.97708333333
ASFV 400 500 59406.32375
ASFV 500 600 47263.90479166667
ASFV 600 700 28766.8665625
ASFV 700 800 28426.7865625
ASFV 800 900 34613.5290625
ASFV 900 1000 35607.6046875
ASFV 1000 1100 31517.965104166666
ASFV 1100 1200 34883.85364583333
ASFV 1200 1300 44375.44291666667
ASFV 1300 1400 69854.88541666666
ASFV 1400 1500 141492.93166666667
ASFV 1500 1600 204223.76
ASFV 1600 1700 215202.24
ASFV 1700 1800 209215.95
ASFV 1800 1900 336957.6766666667
ASFV 1900 2000 635687.4166666667
ASFV 2000 2100 557228.2466666666
ASFV 2100 2200 156096.64125
ASFV 2200 2300 54488.28916666666
ASFV 2300 2400 44791.81958333334
ASFV 2400 2500 84253.545
ASFV 2500 2600 122594.66
ASFV 2600 2700 125097.44375
ASFV 2700 2800 85116.87791666666
ASFV 2800 2900 107247.76333333332
ASFV 2900 3000 157042.785
ASFV 3000 3100 192423.645
ASFV 3100 3200 178397.68
ASFV 3200 3300 92655.1534375
ASFV 3300 3400 11821.96890625
ASFV 3400 3500 7834.793932291666
ASFV 3500 3600 11361.989973958332
ASFV 3600 3700 36736.84479166666
ASFV 3700 3800 66855.27
ASFV 3800 3900 60925.740208333336
ASFV 3900 4000 24877.801875
ASFV 4000 4100 38271.52333333334
ASFV 4100 4200 62469.16166666667
ASFV 4200 4300 62096.39979166667
ASFV 4300 4400 44913.88770833334
ASFV 4400 4500 19654.57546875
ASFV 4500 4600 4037.3007161458336
ASFV 4600 4700 20631.2269140625
ASFV 4700 4800 82114.95604166666
ASFV 4800 4900 132474.4125
ASFV 4900 5000 168552.99916666668
ASFV 5000 5100 160925.50333333333
ASFV 5100 5200 219897.73166666663
ASFV 5200 5300 457832.6733333333
ASFV 5300 5400 572267.96
ASFV 5400 5500 314464.76958333334
ASFV 5500 5600 118795.23541666668
ASFV 5600 5700 149740.02
ASFV 5700 5800 105913.7375
ASFV 5800 5900 9705.203040364584
ASFV 5900 6000 1321.0597721354166
ASFV 6000 6100 15190.0103125
ASFV 6100 6200 63960.25979166667
ASFV 6200 6300 112435.96833333334
ASFV 6300 6400 125459.18
ASFV 6400 6500 98440.735
ASFV 6500 6600 63325.90125
ASFV 6600 6700 67727.2075
ASFV 6700 6800 167626.46541666667
ASFV 6800 6900 289833.4083333333
ASFV 6900 7000 234540.53333333335
ASFV 7000 7100 75245.89645833331
ASFV 7100 7200 63570.00020833333
ASFV 7200 7300 910755.94
ASFV 7300 7400 2476369.3066666666
ASFV 7400 7500 3295414.213333334
ASFV 7500 7600 2710664.4
ASFV 7600 7700 2148183.966666667
ASFV 7700 7800 2514658.7533333334
ASFV 7800 7900 3161449.186666667
ASFV 7900 8000 3719067.293333334
ASFV 8000 8100 5028774.8
ASFV 8100 8200 9837769.146666668
ASFV 8200 8300 15565104.16
ASFV 8300 8400 17370578.293333337
ASFV 8400 8500 10090366.906666666
ASFV 8500 8600 8011569.199999999
ASFV 8600 8700 12940739.093333336
ASFV 8700 8800 16647577.493333332
ASFV 8800 8900 22955984.32
ASFV 8900 9000 19770056.426666666
ASFV 9000 9100 8546471.906666666
ASFV 9100 9200 3287212.946666667
ASFV 9200 9300 4267728.226666667
ASFV 9300 9400 4910858.573333334
ASFV 9400 9500 4570776.666666666
ASFV 9500 9600 8943772.32
ASFV 9600 9700 17582498.56
ASFV 9700 9800 18814351.78666667
ASFV 9800 9900 17887191.893333334
ASFV 9900 10000 12802127.893333333
ASFV 10000 10100 3568470.8616666663
ASFV 10100 10200 410150.105
ASFV 10200 10300 507302.54
ASFV 10300 10400 296926.9433333333
ASFV 10400 10500 56938.57354166666
ASFV 10500 10600 71736.220625
ASFV 10600 10700 144296.665
ASFV 10700 10800 119954.72
ASFV 10800 10900 68392.15729166666
ASFV 10900 11000 93823.59187499998
ASFV 11000 11100 190697.15583333335
ASFV 11100 11200 260425.35
ASFV 11200 11300 194298.43375
ASFV 11300 11400 57278.6725
ASFV 11400 11500 60533.366875
ASFV 11500 11600 84233.90854166666
ASFV 11600 11700 185295.17333333337
ASFV 11700 11800 237479.23333333337
ASFV 11800 11900 252553.735
ASFV 11900 12000 408124.9316666667
ASFV 12000 12100 515771.76
ASFV 12100 12200 466077.2
ASFV 12200 12300 582051.54
ASFV 12300 12400 792479.56
ASFV 12400 12500 549698.6033333334
ASFV 12500 12600 115462.01111979168
ASFV 12600 12700 33796.155286458335
ASFV 12700 12800 100350.36979166669
ASFV 12800 12900 97392.0825
ASFV 12900 13000 35651.20208333334
ASFV 13000 13100 111601.11645833332
ASFV 13100 13200 196694.19333333336
ASFV 13200 13300 253711.17666666667
ASFV 13300 13400 172690.36416666664
ASFV 13400 13500 55118.42557291667
ASFV 13500 13600 18311.69921875
ASFV 13600 13700 10790.827317708332
ASFV 13700 13800 274.6758072916667
ASFV 13800 13900 0.0
ASFV 13900 14000 0.0
ASFV 14000 14100 3198.008671875
ASFV 14100 14200 13186.618098958335
ASFV 14200 14300 21780.0471875
ASFV 14300 14400 30792.05697916667
ASFV 14400 14500 58830.79708333333
ASFV 14500 14600 73179.3525
ASFV 14600 14700 61845.70354166667
ASFV 14700 14800 36217.99979166666
ASFV 14800 14900 67186.58875
ASFV 14900 15000 134268.64458333334
ASFV 15000 15100 154594.88
ASFV 15100 15200 115982.96666666666
ASFV 15200 15300 59955.69083333333
ASFV 15300 15400 36028.270833333336
ASFV 15400 15500 273917.27833333326
ASFV 15500 15600 669516.1383333333
ASFV 15600 15700 646685.4683333334
ASFV 15700 15800 293548.01166666666
ASFV 15800 15900 141610.69
ASFV 15900 16000 285431.93666666665
ASFV 16000 16100 542973.4933333333
ASFV 16100 16200 648252.84
ASFV 16200 16300 822717.8
ASFV 16300 16400 771619.44
ASFV 16400 16500 455125.0025
ASFV 16500 16600 380692.1375
ASFV 16600 16700 562451.49
ASFV 16700 16800 500972.08
ASFV 16800 16900 237952.25
ASFV 16900 17000 126642.90166666666
ASFV 17000 17100 207469.75333333336
ASFV 17100 17200 407847.975
ASFV 17200 17300 856147.9
ASFV 17300 17400 1078447.26
ASFV 17400 17500 740491.6766666668
ASFV 17500 17600 248424.75833333336
ASFV 17600 17700 13611.6890625
ASFV 17700 17800 11344.525729166668
ASFV 17800 17900 9591.831119791668
ASFV 17900 18000 5824.871276041667
ASFV 18000 18100 10228.369791666666
ASFV 18100 18200 10158.606614583332
ASFV 18200 18300 7315.961953125
ASFV 18300 18400 7847.889973958334
ASFV 18400 18500 6243.430963541667
ASFV 18500 18600 2493.881875
ASFV 18600 18700 2875.376041666667
ASFV 18700 18800 7196.047213541668
ASFV 18800 18900 13419.852291666664
ASFV 18900 19000 17962.93291666667
ASFV 19000 19100 18871.97390625
ASFV 19100 19200 10670.925364583334
ASFV 19200 19300 4924.54578125
ASFV 19300 19400 47891.7115625
ASFV 19400 19500 94763.31625
ASFV 19500 19600 121393.50916666666
ASFV 19600 19700 155207.22833333333
ASFV 19700 19800 149186.26
ASFV 19800 19900 124443.45
ASFV 19900 20000 130403.42
ASFV 20000 20100 100439.71875
ASFV 20100 20200 53295.865
ASFV 20200 20300 33715.3940625
ASFV 20300 20400 17718.7996875
ASFV 20400 20500 20548.375
ASFV 20500 20600 32594.877083333336
ASFV 20600 20700 35635.95479166667
ASFV 20700 20800 38234.45916666667
ASFV 20800 20900 35832.13677083333
ASFV 20900 21000 32095.68125
ASFV 21000 21100 16957.959166666667
ASFV 21100 21200 14520.779479166667
ASFV 21200 21300 10932.513776041666
ASFV 21300 21400 3001.812578125
ASFV 21400 21500 743.3689713541665
ASFV 21500 21600 7915.462434895832
ASFV 21600 21700 10285.043333333333
ASFV 21700 21800 7516.513125
ASFV 21800 21900 15329.521197916667
ASFV 21900 22000 19937.98067708333
ASFV 22000 22100 39200.205
ASFV 22100 22200 72536.27791666667
ASFV 22200 22300 70059.81416666666
ASFV 22300 22400 41449.90708333333
ASFV 22400 22500 42112.6325
ASFV 22500 22600 47257.357083333336
ASFV 22600 22700 62739.47229166666
ASFV 22700 22800 60890.871875
ASFV 22800 22900 46747.2375
ASFV 22900 23000 54320.45666666667
ASFV 23000 23100 75575.15770833334
ASFV 23100 23200 84090.093125
ASFV 23200 23300 80602.15375
ASFV 23300 23400 52314.89125
ASFV 23400 23500 45410.93
ASFV 23500 23600 101309.63
ASFV 23600 23700 164480.8125
ASFV 23700 23800 203859.70916666667
ASFV 23800 23900 269544.35833333334
ASFV 23900 24000 258273.96
ASFV 24000 24100 200108.01083333333
ASFV 24100 24200 186029.51916666664
ASFV 24200 24300 157858.095
ASFV 24300 24400 120807.085
ASFV 24400 24500 143195.68
ASFV 24500 24600 185386.65
ASFV 24600 24700 272192.99583333335
ASFV 24700 24800 525169.5775
ASFV 24800 24900 699118.2066666665
ASFV 24900 25000 616170.3133333334
ASFV 25000 25100 556589.645
ASFV 25100 25200 600293.5616666668
ASFV 25200 25300 334607.670625
ASFV 25300 25400 86658.04604166666
ASFV 25400 25500 371972.43333333335
ASFV 25500 25600 1070129.0533333332
ASFV 25600 25700 1913994.3666666665
ASFV 25700 25800 1987394.22
ASFV 25800 25900 1294157.6933333334
ASFV 25900 26000 765349.7066666667
ASFV 26000 26100 529542.5
ASFV 26100 26200 671750.5933333334
ASFV 26200 26300 1052584.26
ASFV 26300 26400 1235972.3866666665
ASFV 26400 26500 982328.57
ASFV 26500 26600 690805.7766666667
ASFV 26600 26700 733864.4733333334
ASFV 26700 26800 851138.08
ASFV 26800 26900 654685.92
ASFV 26900 27000 294664.21
ASFV 27000 27100 211509.36333333337
ASFV 27100 27200 585992.9833333333
ASFV 27200 27300 1783117.9733333332
ASFV 27300 27400 2890847.186666667
ASFV 27400 27500 2639581.9
ASFV 27500 27600 1941333.5133333332
ASFV 27600 27700 1959282.9
ASFV 27700 27800 1787506.0
ASFV 27800 27900 1217677.63
ASFV 27900 28000 1056055.0566666666
ASFV 28000 28100 1609509.853333333
ASFV 28100 28200 2552442.04
ASFV 28200 28300 2994776.8666666667
ASFV 28300 28400 2477213.64
ASFV 28400 28500 2444119.293333333
ASFV 28500 28600 2415701.2933333335
ASFV 28600 28700 1508712.3566666665
ASFV 28700 28800 1253176.99
ASFV 28800 28900 1742256.8666666665
ASFV 28900 29000 1470781.1599999997
ASFV 29000 29100 1342758.0933333335
ASFV 29100 29200 1218844.8933333333
ASFV 29200 29300 1109743.52
ASFV 29300 29400 2002052.7066666668
ASFV 29400 29500 3555643.746666667
ASFV 29500 29600 5967656.306666668
ASFV 29600 29700 6390197.226666667
ASFV 29700 29800 6267095.413333334
ASFV 29800 29900 11111657.973333333
ASFV 29900 30000 12383534.613333335
ASFV 30000 30100 5112088.723333333
ASFV 30100 30200 1038477.9166666665
ASFV 30200 30300 2010247.26
ASFV 30300 30400 2087844.5666666667
ASFV 30400 30500 1184267.9066666665
ASFV 30500 30600 401959.97166666674
ASFV 30600 30700 135910.13333333333
ASFV 30700 30800 600461.315
ASFV 30800 30900 1637306.7466666668
ASFV 30900 31000 2853292.8
ASFV 31000 31100 2884619.0
ASFV 31100 31200 1508021.52
ASFV 31200 31300 14089.133815104167
ASFV 31300 31400 11076.409466145833
ASFV 31400 31500 44896.445
ASFV 31500 31600 168679.568125
ASFV 31600 31700 254409.1066666667
ASFV 31700 31800 482537.9733333334
ASFV 31800 31900 461165.5066666667
ASFV 31900 32000 167515.235
ASFV 32000 32100 11000.122317708332
ASFV 32100 32200 6513.745787760417
ASFV 32200 32300 56690.07510416666
ASFV 32300 32400 122437.90479166668
ASFV 32400 32500 152573.99583333335
ASFV 32500 32600 199207.64416666664
ASFV 32600 32700 284106.6375
ASFV 32700 32800 279951.5958333333
ASFV 32800 32900 287723.125
ASFV 32900 33000 454002.5116666667
ASFV 33000 33100 477393.5
ASFV 33100 33200 273043.22
ASFV 33200 33300 263026.2575
ASFV 33300 33400 509981.8358333334
ASFV 33400 33500 880325.8133333332
ASFV 33500 33600 1236981.6533333333
ASFV 33600 33700 1202394.0533333332
ASFV 33700 33800 835030.6533333333
ASFV 33800 33900 668866.5333333333
ASFV 33900 34000 610931.6733333333
ASFV 34000 34100 405750.95166666666
ASFV 34100 34200 305882.135
ASFV 34200 34300 375344.76
ASFV 34300 34400 424821.36
ASFV 34400 34500 362786.08
ASFV 34500 34600 307109.5966666667
ASFV 34600 34700 291734.4733333333
ASFV 34700 34800 302681.97
ASFV 34800 34900 256793.5275
ASFV 34900 35000 291080.2108333333
ASFV 35000 35100 316877.8616666667
ASFV 35100 35200 390316.81333333335
ASFV 35200 35300 420812.38666666666
ASFV 35300 35400 363679.73
ASFV 35400 35500 340216.75333333336
ASFV 35500 35600 451957.67
ASFV 35600 35700 518017.1666666666
ASFV 35700 35800 581545.8266666667
ASFV 35800 35900 699819.9733333334
ASFV 35900 36000 769064.54
ASFV 36000 36100 629468.095
ASFV 36100 36200 808521.8583333333
ASFV 36200 36300 1096465.0166666666
ASFV 36300 36400 1282625.29
ASFV 36400 36500 1707008.9466666668
ASFV 36500 36600 1941564.5733333335
ASFV 36600 36700 1232926.7533333334
ASFV 36700 36800 891508.7933333335
ASFV 36800 36900 1725789.0133333332
ASFV 36900 37000 2206812.3866666667
ASFV 37000 37100 1878394.8666666665
ASFV 37100 37200 1119705.3866666665
ASFV 37200 37300 185868.40375
ASFV 37300 37400 44828.8684375
ASFV 37400 37500 26072.431875
ASFV 37500 37600 51277.22739583333
ASFV 37600 37700 76798.08458333333
ASFV 37700 37800 112318.29458333334
ASFV 37800 37900 116723.96
ASFV 37900 38000 115668.98333333332
ASFV 38000 38100 161204.20916666667
ASFV 38100 38200 176860.68583333335
ASFV 38200 38300 148734.91666666666
ASFV 38300 38400 135232.12
ASFV 38400 38500 163942.6
ASFV 38500 38600 156181.86666666667
ASFV 38600 38700 159179.12083333335
ASFV 38700 38800 287662.00916666666
ASFV 38800 38900 1125003.2733333332
ASFV 38900 39000 1898430.02
ASFV 39000 39100 1838602.4866666668
ASFV 39100 39200 1777494.4333333333
ASFV 39200 39300 2392205.92
ASFV 39300 39400 3011630.506666667
ASFV 39400 39500 3403258.04
ASFV 39500 39600 3591886.0133333337
ASFV 39600 39700 3034965.146666667
ASFV 39700 39800 1452913.7933333332
ASFV 39800 39900 309121.678125
ASFV 39900 40000 43209.15020833333
ASFV 40000 40100 57625.2875
ASFV 40100 40200 48975.17916666667
ASFV 40200 40300 28049.65791666667
ASFV 40300 40400 24426.54375
ASFV 40400 40500 35714.39927083333
ASFV 40500 40600 44857.20489583334
ASFV 40600 40700 55135.75479166666
ASFV 40700 40800 49136.485625
ASFV 40800 40900 38478.61635416667
ASFV 40900 41000 39620.92864583333
ASFV 41000 41100 42502.85875
ASFV 41100 41200 37890.02375
ASFV 41200 41300 34099.04125
ASFV 41300 41400 31609.52875
ASFV 41400 41500 31568.11791666667
ASFV 41500 41600 39041.065833333334
ASFV 41600 41700 55571.75125
ASFV 41700 41800 74956.02875
ASFV 41800 41900 83656.27604166666
ASFV 41900 42000 67537.58770833333
ASFV 42000 42100 55726.536875
ASFV 42100 42200 54531.89145833333
ASFV 42200 42300 41434.65604166667
ASFV 42300 42400 40571.393125
ASFV 42400 42500 91179.34
ASFV 42500 42600 188920.52
ASFV 42600 42700 282294.8116666667
ASFV 42700 42800 388141.16166666674
ASFV 42800 42900 455669.9016666666
ASFV 42900 43000 448476.0716666667
ASFV 43000 43100 429656.40333333326
ASFV 43100 43200 566205.35
ASFV 43200 43300 669535.7866666666
ASFV 43300 43400 685458.3766666666
ASFV 43400 43500 641606.0366666667
ASFV 43500 43600 497510.16
ASFV 43600 43700 463230.08
ASFV 43700 43800 528703.37
ASFV 43800 43900 543091.17
ASFV 43900 44000 404458.3133333333
ASFV 44000 44100 212387.80666666664
ASFV 44100 44200 166438.47833333333
ASFV 44200 44300 275552.3775
ASFV 44300 44400 379205.47416666674
ASFV 44400 44500 404909.37666666665
ASFV 44500 44600 435084.7633333333
ASFV 44600 44700 434437.155
ASFV 44700 44800 396200.4116666666
ASFV 44800 44900 356128.3733333333
ASFV 44900 45000 326153.795
ASFV 45000 45100 276369.825
ASFV 45100 45200 317161.4633333333
ASFV 45200 45300 397709.0266666666
ASFV 45300 45400 349897.9316666667
ASFV 45400 45500 275896.74166666664
ASFV 45500 45600 287660.00666666665
ASFV 45600 45700 274336.025
ASFV 45700 45800 217490.91166666668
ASFV 45800 45900 129078.14739583334
ASFV 45900 46000 15035.238802083333
ASFV 46000 46100 93749.515
ASFV 46100 46200 263643.1866666667
ASFV 46200 46300 558701.93
ASFV 46300 46400 699741.4633333333
ASFV 46400 46500 527866.1466666666
ASFV 46500 46600 213262.00833333336
ASFV 46600 46700 62713.259062499994
ASFV 46700 46800 11283.520416666664
ASFV 46800 46900 37334.138333333336
ASFV 46900 47000 80026.56416666666
ASFV 47000 47100 188497.515
ASFV 47100 47200 210157.82333333333
ASFV 47200 47300 125276.13208333332
ASFV 47300 47400 95401.95958333334
ASFV 47400 47500 81639.8175
ASFV 47500 47600 51307.73416666666
ASFV 47600 47700 42171.48958333333
ASFV 47700 47800 32518.56604166667
ASFV 47800 47900 24223.808229166665
ASFV 47900 48000 23914.25447916667
ASFV 48000 48100 27482.857916666664
ASFV 48100 48200 34375.933124999996
ASFV 48200 48300 45611.50270833334
ASFV 48300 48400 48667.79333333333
ASFV 48400 48500 53459.35416666666
ASFV 48500 48600 59663.55875
ASFV 48600 48700 76484.23125
ASFV 48700 48800 102935.79916666666
ASFV 48800 48900 95268.88395833332
ASFV 48900 49000 71337.27479166667
ASFV 49000 49100 110290.62208333332
ASFV 49100 49200 157145.875
ASFV 49200 49300 186251.4275
ASFV 49300 49400 308786.5591666667
ASFV 49400 49500 414079.10833333334
ASFV 49500 49600 384297.79583333334
ASFV 49600 49700 359815.74416666664
ASFV 49700 49800 361512.95375
ASFV 49800 49900 427786.54375
ASFV 49900 50000 723474.775
ASFV 50000 50100 1124216.5675
ASFV 50100 50200 1145905.5275
ASFV 50200 50300 833108.6358333332
ASFV 50300 50400 633960.3779166667
ASFV 50400 50500 542540.6833333333
ASFV 50500 50600 380944.5789583333
ASFV 50600 50700 367269.53520833334
ASFV 50700 50800 596410.4745833332
ASFV 50800 50900 814411.5649999998
ASFV 50900 51000 831675.2466666667
ASFV 51000 51100 712214.0633333332
ASFV 51100 51200 651390.8683333334
ASFV 51200 51300 638776.6683333333
ASFV 51300 51400 591001.9575
ASFV 51400 51500 442818.1058333333
ASFV 51500 51600 347550.16166666674
ASFV 51600 51700 393685.80083333334
ASFV 51700 51800 578544.0366666666
ASFV 51800 51900 616602.26875
ASFV 51900 52000 502708.89125
ASFV 52000 52100 534412.8666666667
ASFV 52100 52200 675239.8333333335
ASFV 52200 52300 678884.1075
ASFV 52300 52400 552186.0470833333
ASFV 52400 52500 615965.7379166667
ASFV 52500 52600 752307.18
ASFV 52600 52700 668666.2020833333
ASFV 52700 52800 512763.9554166667
ASFV 52800 52900 713957.9608333333
ASFV 52900 53000 884615.0604166666
ASFV 53000 53100 524291.11171875
ASFV 53100 53200 26491.51462890625
ASFV 53200 53300 0.0
ASFV 53300 53400 2151.625546875
ASFV 53400 53500 15648.3611328125
ASFV 53500 53600 20526.584127604165
ASFV 53600 53700 11172.314934895832
ASFV 53700 53800 7136.668860677084
ASFV 53800 53900 7961.780755208332
ASFV 53900 54000 12648.710657552085
ASFV 54000 54100 16566.674375
ASFV 54100 54200 19491.1095703125
ASFV 54200 54300 19637.68421875
ASFV 54300 54400 18531.34657552083
ASFV 54400 54500 12948.997656249998
ASFV 54500 54600 11570.162291666667
ASFV 54600 54700 17903.535338541667
ASFV 54700 54800 20569.102135416666
ASFV 54800 54900 12790.408912760415
ASFV 54900 55000 5853.20859375
ASFV 55000 55100 7324.696080729166
ASFV 55100 55200 10928.191126302083
ASFV 55200 55300 19306.882578125
ASFV 55300 55400 21745.173255208334
ASFV 55400 55500 12410.004674479167
ASFV 55500 55600 7784.125735677084
ASFV 55600 55700 6659.803798828125
ASFV 55700 55800 1580.4758854166669
ASFV 55800 55900 0.0
ASFV 55900 56000 0.0
ASFV 56000 56100 0.0
ASFV 56100 56200 0.0
ASFV 56200 56300 0.0
ASFV 56300 56400 0.0
ASFV 56400 56500 0.0
ASFV 56500 56600 0.0
ASFV 56600 56700 0.0
ASFV 56700 56800 837.1071875
ASFV 56800 56900 10267.63869140625
ASFV 56900 57000 61442.40171875
ASFV 57000 57100 132241.83927083333
ASFV 57100 57200 186985.66604166667
ASFV 57200 57300 185903.294375
ASFV 57300 57400 109386.40947916667
ASFV 57400 57500 22749.601197916665
ASFV 57500 57600 10648.059186197916
ASFV 57600 57700 19561.404798177082
ASFV 57700 57800 21562.07083333333
ASFV 57800 57900 23907.722552083334
ASFV 57900 58000 29088.956432291667
ASFV 58000 58100 48354.9834375
ASFV 58100 58200 41971.47356770834
ASFV 58200 58300 16903.45520182292
ASFV 58300 58400 11382.145475260417
ASFV 58400 58500 15263.584596354165
ASFV 58500 58600 18307.371888020836
ASFV 58600 58700 30372.41669270833
ASFV 58700 58800 49175.17091145834
ASFV 58800 58900 43992.850234375
ASFV 58900 59000 22610.607265625
ASFV 59000 59100 16571.01703125
ASFV 59100 59200 25783.572578125
ASFV 59200 59300 45691.044036458334
ASFV 59300 59400 69854.35619791667
ASFV 59400 59500 71399.41598958334
ASFV 59500 59600 55578.30171875
ASFV 59600 59700 43303.44596354166
ASFV 59700 59800 28346.130703125
ASFV 59800 59900 28392.45184895833
ASFV 59900 60000 39886.89205729167
ASFV 60000 60100 48190.934375
ASFV 60100 60200 45342.78674479167
ASFV 60200 60300 35729.139973958336
ASFV 60300 60400 29094.920208333337
ASFV 60400 60500 16005.847949218747
ASFV 60500 60600 4803.548365885417
ASFV 60600 60700 9482.836197916668
ASFV 60700 60800 11875.903919270835
ASFV 60800 60900 5328.9266796875
ASFV 60900 61000 4591.00974609375
ASFV 61000 61100 8266.96869140625
ASFV 61100 61200 18983.1403125
ASFV 61200 61300 37236.58369791666
ASFV 61300 61400 34781.389244791666
ASFV 61400 61500 18311.180690104167
ASFV 61500 61600 9498.667932942708
ASFV 61600 61700 3639.4546744791664
ASFV 61700 61800 6414.549462890625
ASFV 61800 61900 21454.17322916667
ASFV 61900 62000 22571.969231770836
ASFV 62000 62100 9815.30875
ASFV 62100 62200 5869.0110481770835
ASFV 62200 62300 8484.423802083333
ASFV 62300 62400 6705.038001302082
ASFV 62400 62500 11814.860807291667
ASFV 62500 62600 32806.34028645833
ASFV 62600 62700 56953.304609375
ASFV 62700 62800 74385.95421875
ASFV 62800 62900 63791.31408854167
ASFV 62900 63000 47387.62263020834
ASFV 63000 63100 89118.06203125
ASFV 63100 63200 140924.645
ASFV 63200 63300 130170.16
ASFV 63300 63400 101031.06364583335
ASFV 63400 63500 124843.95635416667
ASFV 63500 63600 153771.131875
ASFV 63600 63700 180408.038125
ASFV 63700 63800 145686.35635416667
ASFV 63800 63900 54227.24263020834
ASFV 63900 64000 60336.60122395833
ASFV 64000 64100 173624.079375
ASFV 64100 64200 309966.2547916667
ASFV 64200 64300 270449.0233333334
ASFV 64300 64400 191135.31604166667
ASFV 64400 64500 278868.415
ASFV 64500 64600 1256125.4091666667
ASFV 64600 64700 3999217.601666666
ASFV 64700 64800 6863134.806666668
ASFV 64800 64900 4542618.513333333
ASFV 64900 65000 796106.5104296873
ASFV 65000 65100 16636.418541666666
ASFV 65100 65200 19704.169908854165
ASFV 65200 65300 27709.039062499996
ASFV 65300 65400 31513.615833333333
ASFV 65400 65500 33181.261015625
ASFV 65500 65600 31161.555260416666
ASFV 65600 65700 27783.15966145833
ASFV 65700 65800 32798.16385416667
ASFV 65800 65900 29474.792838541664
ASFV 65900 66000 25868.60393229167
ASFV 66000 66100 15657.096393229167
ASFV 66100 66200 10168.993541666667
ASFV 66200 66300 29754.93764322917
ASFV 66300 66400 43521.45971354167
ASFV 66400 66500 32711.51493489583
ASFV 66500 66600 24636.9066015625
ASFV 66600 66700 34614.08822916667
ASFV 66700 66800 35427.21171875
ASFV 66800 66900 26392.893723958332
ASFV 66900 67000 17412.515208333334
ASFV 67000 67100 14150.169830729164
ASFV 67100 67200 20266.0635546875
ASFV 67200 67300 32780.717421875
ASFV 67300 67400 40531.05981770834
ASFV 67400 67500 33818.38315104167
ASFV 67500 67600 23545.290859375
ASFV 67600 67700 30969.725234375
ASFV 67700 67800 58551.77
ASFV 67800 67900 75371.310625
ASFV 67900 68000 76420.4203125
ASFV 68000 68100 74748.93625
ASFV 68100 68200 136470.93322916667
ASFV 68200 68300 183431.02916666667
ASFV 68300 68400 124100.18729166668
ASFV 68400 68500 46983.23072916667
ASFV 68500 68600 47637.22432291666
ASFV 68600 68700 38561.48385416667
ASFV 68700 68800 22617.72546875
ASFV 68800 68900 25642.984140625
ASFV 68900 69000 40119.59921875
ASFV 69000 69100 45948.298359375
ASFV 69100 69200 60930.10984375
ASFV 69200 69300 75771.33328125
ASFV 69300 69400 82263.2959375
ASFV 69400 69500 58808.45854166666
ASFV 69500 69600 43134.48552083334
ASFV 69600 69700 60858.18322916667
ASFV 69700 69800 84972.43114583332
ASFV 69800 69900 66314.09234375
ASFV 69900 70000 45269.225859375
ASFV 70000 70100 41085.305
ASFV 70100 70200 42669.618515625
ASFV 70200 70300 57388.74953125
ASFV 70300 70400 61166.647552083334
ASFV 70400 70500 62609.78822916666
ASFV 70500 70600 97556.789375
ASFV 70600 70700 117911.06666666667
ASFV 70700 70800 92744.53880208332
ASFV 70800 70900 67059.63166666667
ASFV 70900 71000 73943.98223958333
ASFV 71000 71100 102561.96375
ASFV 71100 71200 184658.60333333333
ASFV 71200 71300 269912.2191666666
ASFV 71300 71400 359913.834375
ASFV 71400 71500 406812.52
ASFV 71500 71600 383632.99
ASFV 71600 71700 289408.79875
ASFV 71700 71800 153798.8665625
ASFV 71800 71900 26203.73935546875
ASFV 71900 72000 1595.73556640625
ASFV 72000 72100 1098.703193359375
ASFV 72100 72200 2615.9599609375
ASFV 72200 72300 2118.927548828125
ASFV 72300 72400 0.0
ASFV 72400 72500 1543.416396484375
ASFV 72500 72600 2615.9599609375
ASFV 72600 72700 2615.9599609375
ASFV 72700 72800 5460.816442057291
ASFV 72800 72900 12451.961458333333
ASFV 72900 73000 12977.352486979167
ASFV 73000 73100 6047.230540364582
ASFV 73100 73200 3466.1468798828123
ASFV 73200 73300 2656.8341748046873
ASFV 73300 73400 9428.328548177084
ASFV 73400 73500 12889.049596354167
ASFV 73500 73600 8538.38236328125
ASFV 73600 73700 4528.883395182292
ASFV 73700 73800 10428.956311848959
ASFV 73800 73900 11309.639479166668
ASFV 73900 74000 6966.069768880208
ASFV 74000 74100 8514.938408203125
ASFV 74100 74200 14894.068346354168
ASFV 74200 74300 18460.514401041666
ASFV 74300 74400 12517.911940104164
ASFV 74400 74500 12659.605104166667
ASFV 74500 74600 12154.392180989582
ASFV 74600 74700 5274.420017089844
ASFV 74700 74800 3054.133186035156
ASFV 74800 74900 5231.919921875
ASFV 74900 75000 3722.8381201171874
ASFV 75000 75100 6926.83200358073
ASFV 75100 75200 14442.81453125
ASFV 75200 75300 18059.397122395832
ASFV 75300 75400 11397.397122395834
ASFV 75400 75500 6088.651953125
ASFV 75500 75600 12958.797096354167
ASFV 75600 75700 18258.835533854166
ASFV 75700 75800 12102.633206380207
ASFV 75800 75900 2615.9599609375
ASFV 75900 76000 1752.693134765625
ASFV 76000 76100 4185.519817708334
ASFV 76100 76200 11665.509166666667
ASFV 76200 76300 15612.360338541668
ASFV 76300 76400 14623.213997395833
ASFV 76400 76500 15388.4019140625
ASFV 76500 76600 12799.144231770835
ASFV 76600 76700 9354.238170572917
ASFV 76700 76800 8773.81306640625
ASFV 76800 76900 7082.70740234375
ASFV 76900 77000 4525.60970703125
ASFV 77000 77100 12229.59671875
ASFV 77100 77200 26035.365572916664
ASFV 77200 77300 28754.314088541665
ASFV 77300 77400 18919.947604166668
ASFV 77400 77500 13279.2633203125
ASFV 77500 77600 15971.540455729166
ASFV 77600 77700 19634.965169270832
ASFV 77700 77800 20276.4452734375
ASFV 77800 77900 15647.798177083332
ASFV 77900 78000 16548.665104166666
ASFV 78000 78100 21115.739791666667
ASFV 78100 78200 13942.534479166665
ASFV 78200 78300 9601.109811197917
ASFV 78300 78400 8114.926966145834
ASFV 78400 78500 13636.787076822915
ASFV 78500 78600 30520.08328125
ASFV 78600 78700 38650.835598958336
ASFV 78700 78800 47281.8890625
ASFV 78800 78900 52700.17854166666
ASFV 78900 79000 33700.145208333335
ASFV 79000 79100 19717.256783854165
ASFV 79100 79200 30414.3920703125
ASFV 79200 79300 58005.67833333333
ASFV 79300 79400 62405.40380208333
ASFV 79400 79500 32907.17936848958
ASFV 79500 79600 16371.561569010415
ASFV 79600 79700 40303.78375
ASFV 79700 79800 58315.78223958334
ASFV 79800 79900 42950.27291666667
ASFV 79900 80000 25546.48796875
ASFV 80000 80100 19844.227825520833
ASFV 80100 80200 20436.6575
ASFV 80200 80300 22529.99234375
ASFV 80300 80400 25775.9499609375
ASFV 80400 80500 28955.417734375
ASFV 80500 80600 31932.1475
ASFV 80600 80700 21868.373046875
ASFV 80700 80800 31854.229453125
ASFV 80800 80900 31715.236197916664
ASFV 80900 81000 13498.35233907064
ASFV 81000 81100 11997.457553507487
ASFV 81100 81200 24058.696484375
ASFV 81200 81300 23434.09786458333
ASFV 81300 81400 14400.858763020835
ASFV 81400 81500 26741.11884114583
ASFV 81500 81600 57231.25763020834
ASFV 81600 81700 57408.37015625
ASFV 81700 81800 30348.975390625
ASFV 81800 81900 24863.0946875
ASFV 81900 82000 33708.845078125
ASFV 82000 82100 30973.509192708334
ASFV 82100 82200 13405.691549479168
ASFV 82200 82300 1409.348857421875
ASFV 82300 82400 0.0
ASFV 82400 82500 3417.096484375
ASFV 82500 82600 13400.255559895835
ASFV 82600 82700 19587.568854166668
ASFV 82700 82800 12286.29333984375
ASFV 82800 82900 17415.215904947916
ASFV 82900 83000 41723.498125
ASFV 83000 83100 42805.32364583334
ASFV 83100 83200 22175.714453125
ASFV 83200 83300 22938.16041666667
ASFV 83300 83400 37594.629973958334
ASFV 83400 83500 49973.58916666667
ASFV 83500 83600 43761.23065104167
ASFV 83600 83700 21936.465416666666
ASFV 83700 83800 7864.7678515625
ASFV 83800 83900 4789.388216145833
ASFV 83900 84000 13938.730026041667
ASFV 84000 84100 27485.587786458334
ASFV 84100 84200 23377.41735677083
ASFV 84200 84300 5532.2107552083335
ASFV 84300 84400 3823.1163411458333
ASFV 84400 84500 11461.183841145832
ASFV 84500 84600 26968.383528645834
ASFV 84600 84700 38636.119765625
ASFV 84700 84800 35436.46627604167
ASFV 84800 84900 24392.21177083333
ASFV 84900 85000 11098.747291666667
ASFV 85000 85100 15324.065651041665
ASFV 85100 85200 37676.39627604167
ASFV 85200 85300 94823.55161458334
ASFV 85300 85400 90055.03151041667
ASFV 85400 85500 35813.60734375
ASFV 85500 85600 0.0
ASFV 85600 85700 0.0
ASFV 85700 85800 0.0
ASFV 85800 85900 0.0
ASFV 85900 86000 0.0
ASFV 86000 86100 0.0
ASFV 86100 86200 0.0
ASFV 86200 86300 0.0
ASFV 86300 86400 0.0
ASFV 86400 86500 0.0
ASFV 86500 86600 0.0
ASFV 86600 86700 0.0
ASFV 86700 86800 0.0
ASFV 86800 86900 0.0
ASFV 86900 87000 0.0
ASFV 87000 87100 0.0
ASFV 87100 87200 1700.374013671875
ASFV 87200 87300 3950.099560546875
ASFV 87300 87400 7481.631295572917
ASFV 87400 87500 10083.94755859375
ASFV 87500 87600 8731.285677083333
ASFV 87600 87700 2721.143036295573
ASFV 87700 87800 474.6877482096354
ASFV 87800 87900 4200.795738932292
ASFV 87900 88000 5231.919921875
ASFV 88000 88100 2092.76796875
ASFV 88100 88200 0.0
ASFV 88200 88300 0.0
ASFV 88300 88400 31.609516194661456
ASFV 88400 88500 4258.564819742838
ASFV 88500 88600 5231.919921875
ASFV 88600 88700 2145.08712890625
ASFV 88700 88800 0.0
ASFV 88800 88900 1674.214365234375
ASFV 88900 89000 2615.9599609375
ASFV 89000 89100 1543.416376953125
ASFV 89100 89200 1281.82037109375
ASFV 89200 89300 10612.081100260417
ASFV 89300 89400 22873.877513020834
ASFV 89400 89500 31765.425625
ASFV 89500 89600 22055.828997395834
ASFV 89600 89700 5593.796676432291
ASFV 89700 89800 5799.259944661459
ASFV 89800 89900 7803.2005078125
ASFV 89900 90000 5252.086236979168
ASFV 90000 90100 4387.730266927083
ASFV 90100 90200 6240.703209635416
ASFV 90200 90300 6470.146103515625
ASFV 90300 90400 5955.1258756510415
ASFV 90400 90500 8623.9432421875
ASFV 90500 90600 5830.325266927084
ASFV 90600 90700 1523.2516715494794
ASFV 90700 90800 3025.793680013021
ASFV 90800 90900 5555.1015234375
ASFV 90900 91000 6622.7439583333335
ASFV 91000 91100 9278.999453125
ASFV 91100 91200 7481.644596354167
ASFV 91200 91300 6888.683229166666
ASFV 91300 91400 11001.217161458333
ASFV 91400 91500 15916.49109375
ASFV 91500 91600 18803.8588671875
ASFV 91600 91700 25695.278932291665
ASFV 91700 91800 26656.637552083335
ASFV 91800 91900 19304.69932291667
ASFV 91900 92000 16184.622669270835
ASFV 92000 92100 22776.307109375
ASFV 92100 92200 32314.7637890625
ASFV 92200 92300 37896.00502604167
ASFV 92300 92400 33332.24333333333
ASFV 92400 92500 40462.390677083335
ASFV 92500 92600 47213.22515624999
ASFV 92600 92700 32470.62494791667
ASFV 92700 92800 21014.906744791664
ASFV 92800 92900 16544.318958333333
ASFV 92900 93000 15579.1323828125
ASFV 93000 93100 15170.393098958335
ASFV 93100 93200 12128.781276041667
ASFV 93200 93300 27626.1907421875
ASFV 93300 93400 45870.34205729167
ASFV 93400 93500 36773.327552083334
ASFV 93500 93600 24743.207890625
ASFV 93600 93700 34636.984921875
ASFV 93700 93800 27689.406770833335
ASFV 93800 93900 19728.171236979168
ASFV 93900 94000 21765.8750390625
ASFV 94000 94100 40833.526171875
ASFV 94100 94200 55491.633125
ASFV 94200 94300 59833.04208333334
ASFV 94300 94400 54286.673802083336
ASFV 94400 94500 37756.50536458333
ASFV 94500 94600 29498.796067708336
ASFV 94600 94700 23907.722734375
ASFV 94700 94800 18287.206588541667
ASFV 94800 94900 25425.493203125
ASFV 94900 95000 31314.152578125
ASFV 95000 95100 29547.838359375
ASFV 95100 95200 31818.820703125
ASFV 95200 95300 35408.678515625
ASFV 95300 95400 37352.119921875
ASFV 95400 95500 47040.449140625
ASFV 95500 95600 66776.79145833333
ASFV 95600 95700 73374.46229166666
ASFV 95700 95800 72933.56567708334
ASFV 95800 95900 57135.33942708333
ASFV 95900 96000 33989.51130208334
ASFV 96000 96100 27403.302161458334
ASFV 96100 96200 30810.59981770833
ASFV 96200 96300 19243.126868489584
ASFV 96300 96400 6580.224147135416
ASFV 96400 96500 15248.32265625
ASFV 96500 96600 22170.291067708335
ASFV 96600 96700 19699.275950520834
ASFV 96700 96800 23364.35225260417
ASFV 96800 96900 27091.547421875
ASFV 96900 97000 24707.771067708334
ASFV 97000 97100 18053.92670572917
ASFV 97100 97200 17444.6364453125
ASFV 97200 97300 12231.778684895833
ASFV 97300 97400 14604.712539062497
ASFV 97400 97500 20023.556354166667
ASFV 97500 97600 26803.786171875
ASFV 97600 97700 34097.4125
ASFV 97700 97800 32493.508046875
ASFV 97800 97900 27389.673802083336
ASFV 97900 98000 26683.905677083334
ASFV 98000 98100 22781.76196614583
ASFV 98100 98200 7278.9098828125
ASFV 98200 98300 16892.557291666664
ASFV 98300 98400 33987.88833333333
ASFV 98400 98500 35282.79
ASFV 98500 98600 34772.66979166667
ASFV 98600 98700 56254.06104166667
ASFV 98700 98800 47678.10416666666
ASFV 98800 98900 30530.446875
ASFV 98900 99000 20866.64578125
ASFV 99000 99100 12844.36296875
ASFV 99100 99200 37196.8175
ASFV 99200 99300 56332.58208333333
ASFV 99300 99400 47451.35416666667
ASFV 99400 99500 26144.358125
ASFV 99500 99600 16236.40734375
ASFV 99600 99700 25418.42703125
ASFV 99700 99800 29869.92135416667
ASFV 99800 99900 48792.0478125
ASFV 99900 100000 76111.40770833332
ASFV 100000 100100 72645.250625
ASFV 100100 100200 59183.96645833333
ASFV 100200 100300 69926.84354166666
ASFV 100300 100400 86649.37208333334
ASFV 100400 100500 124733.21541666666
ASFV 100500 100600 200689.98
ASFV 100600 100700 230494.6433333333
ASFV 100700 100800 181632.64666666664
ASFV 100800 100900 110247.5075
ASFV 100900 101000 113467.215
ASFV 101000 101100 188458.1875
ASFV 101100 101200 210829.16
ASFV 101200 101300 157620.53
ASFV 101300 101400 134224.96
ASFV 101400 101500 174999.2
ASFV 101500 101600 220868.02
ASFV 101600 101700 224722.22666666668
ASFV 101700 101800 245573.15833333335
ASFV 101800 101900 231721.9883333333
ASFV 101900 102000 169534.04666666663
ASFV 102000 102100 137723.86
ASFV 102100 102200 157134.45
ASFV 102200 102300 179814.71333333332
ASFV 102300 102400 260052.72666666665
ASFV 102400 102500 324898.18333333335
ASFV 102500 102600 455565.4566666667
ASFV 102600 102700 475224.44
ASFV 102700 102800 295695.2141666667
ASFV 102800 102900 187438.17916666664
ASFV 102900 103000 340920.9566666667
ASFV 103000 103100 431285.08
ASFV 103100 103200 377478.92333333334
ASFV 103200 103300 315524.3666666667
ASFV 103300 103400 343207.71
ASFV 103400 103500 321577.8233333333
ASFV 103500 103600 320287.36666666664
ASFV 103600 103700 379696.00333333336
ASFV 103700 103800 417232.77666666673
ASFV 103800 103900 431232.58
ASFV 103900 104000 349276.66
ASFV 104000 104100 265718.57166666666
ASFV 104100 104200 315319.25333333336
ASFV 104200 104300 398393.64166666666
ASFV 104300 104400 330095.1233333333
ASFV 104400 104500 226834.25
ASFV 104500 104600 236914.675
ASFV 104600 104700 444526.08166666667
ASFV 104700 104800 765873.0133333333
ASFV 104800 104900 807021.9933333334
ASFV 104900 105000 555782.93
ASFV 105000 105100 398646.3566666667
ASFV 105100 105200 296700.36833333335
ASFV 105200 105300 393512.5916666666
ASFV 105300 105400 667092.09
ASFV 105400 105500 754892.5333333333
ASFV 105500 105600 531554.7666666666
ASFV 105600 105700 371876.4
ASFV 105700 105800 403402.99
ASFV 105800 105900 490898.41
ASFV 105900 106000 499372.02
ASFV 106000 106100 410041.16666666674
ASFV 106100 106200 430768.1733333333
ASFV 106200 106300 536082.62
ASFV 106300 106400 497497.075
ASFV 106400 106500 649964.0583333333
ASFV 106500 106600 856548.7666666667
ASFV 106600 106700 830873.14
ASFV 106700 106800 779321.28
ASFV 106800 106900 723335.36
ASFV 106900 107000 530264.175
ASFV 107000 107100 319230.20166666666
ASFV 107100 107200 460069.1783333333
ASFV 107200 107300 802808.2583333334
ASFV 107300 107400 944366.58
ASFV 107400 107500 1009264.6466666666
ASFV 107500 107600 1066601.9733333334
ASFV 107600 107700 804486.7933333333
ASFV 107700 107800 541338.4933333334
ASFV 107800 107900 1863214.7266666666
ASFV 107900 108000 7398019.52
ASFV 108000 108100 17531395.413333334
ASFV 108100 108200 24769016.96
ASFV 108200 108300 22386662.08
ASFV 108300 108400 19178198.72
ASFV 108400 108500 12684185.6
ASFV 108500 108600 4425466.615
ASFV 108600 108700 29887.34625
ASFV 108700 108800 12615.439322916667
ASFV 108800 108900 21653.61692708333
ASFV 108900 109000 22994.3046875
ASFV 109000 109100 15207.4646875
ASFV 109100 109200 9011.975963541667
ASFV 109200 109300 7878.408880208333
ASFV 109300 109400 5513.138606770834
ASFV 109400 109500 6659.792330729168
ASFV 109500 109600 11423.004375
ASFV 109600 109700 8305.662135416667
ASFV 109700 109800 1835.5321777343747
ASFV 109800 109900 8.719866536458333
ASFV 109900 110000 0.0
ASFV 110000 110100 0.0
ASFV 110100 110200 1098.7031640625
ASFV 110200 110300 5415.034622395832
ASFV 110300 110400 15139.848333333335
ASFV 110400 110500 90989.52614583333
ASFV 110500 110600 184507.91416666668
ASFV 110600 110700 255435.46583333335
ASFV 110700 110800 305298.12
ASFV 110800 110900 466197.16
ASFV 110900 111000 732414.675
ASFV 111000 111100 639146.925
ASFV 111100 111200 230196.0
ASFV 111200 111300 202122.25666666668
ASFV 111300 111400 194675.49333333335
ASFV 111400 111500 175295.62
ASFV 111500 111600 134800.64979166666
ASFV 111600 111700 89060.38520833333
ASFV 111700 111800 120072.48916666668
ASFV 111800 111900 98669.82333333333
ASFV 111900 112000 42160.59625
ASFV 112000 112100 40268.380833333336
ASFV 112100 112200 87540.95291666668
ASFV 112200 112300 130438.3175
ASFV 112300 112400 183357.2083333333
ASFV 112400 112500 233078.00166666665
ASFV 112500 112600 310619.25
ASFV 112600 112700 399631.87
ASFV 112700 112800 417108.70166666666
ASFV 112800 112900 340809.66833333333
ASFV 112900 113000 344661.72
ASFV 113000 113100 371418.7333333333
ASFV 113100 113200 323797.3466666666
ASFV 113200 113300 229073.31
ASFV 113300 113400 200506.86
ASFV 113400 113500 222114.81
ASFV 113500 113600 290836.34
ASFV 113600 113700 289118.53833333333
ASFV 113700 113800 222930.13166666668
ASFV 113800 113900 198392.26
ASFV 113900 114000 217489.05
ASFV 114000 114100 208215.34
ASFV 114100 114200 188996.59
ASFV 114200 114300 221133.77333333332
ASFV 114300 114400 233971.63166666665
ASFV 114400 114500 201991.45
ASFV 114500 114600 199259.905
ASFV 114600 114700 244367.68
ASFV 114700 114800 269287.0275
ASFV 114800 114900 360366.2925
ASFV 114900 115000 519172.575
ASFV 115000 115100 479209.275
ASFV 115100 115200 288758.56666666665
ASFV 115200 115300 227065.62833333336
ASFV 115300 115400 240119.225
ASFV 115400 115500 270734.56
ASFV 115500 115600 283522.44
ASFV 115600 115700 269470.3
ASFV 115700 115800 293846.9108333333
ASFV 115800 115900 339621.5291666666
ASFV 115900 116000 441413.09
ASFV 116000 116100 519904.82
ASFV 116100 116200 429373.155
ASFV 116200 116300 281422.905
ASFV 116300 116400 370343.83
ASFV 116400 116500 472828.62
ASFV 116500 116600 387038.2575
ASFV 116600 116700 388564.08583333326
ASFV 116700 116800 847399.3466666666
ASFV 116800 116900 1277058.3266666667
ASFV 116900 117000 1442667.873333333
ASFV 117000 117100 1371696.9
ASFV 117100 117200 1075219.8866666667
ASFV 117200 117300 669644.7799999999
ASFV 117300 117400 424605.56333333335
ASFV 117400 117500 395437.51666666666
ASFV 117500 117600 524705.2733333333
ASFV 117600 117700 838463.86
ASFV 117700 117800 1377941.0
ASFV 117800 117900 1114478.5866666667
ASFV 117900 118000 279022.8113020833
ASFV 118000 118100 16014.03109375
ASFV 118100 118200 19763.58671875
ASFV 118200 118300 15168.21421875
ASFV 118300 118400 19685.107395833333
ASFV 118400 118500 22344.691354166665
ASFV 118500 118600 20171.26109375
ASFV 118600 118700 10949.972239583332
ASFV 118700 118800 15216.187760416666
ASFV 118800 118900 20247.54828125
ASFV 118900 119000 24382.9384375
ASFV 119000 119100 27657.256354166664
ASFV 119100 119200 22311.97489583333
ASFV 119200 119300 19517.258645833335
ASFV 119300 119400 32887.00697916667
ASFV 119400 119500 32974.2190625
ASFV 119500 119600 27378.220208333336
ASFV 119600 119700 57535.91062499999
ASFV 119700 119800 68812.87479166668
ASFV 119800 119900 52000.97020833333
ASFV 119900 120000 45149.339375
ASFV 120000 120100 36826.19479166667
ASFV 120100 120200 44920.41979166667
ASFV 120200 120300 78317.53229166666
ASFV 120300 120400 83082.94229166667
ASFV 120400 120500 46289.44625
ASFV 120500 120600 29933.1515625
ASFV 120600 120700 56772.9153125
ASFV 120700 120800 78993.31791666667
ASFV 120800 120900 108679.81708333333
ASFV 120900 121000 112063.11375
ASFV 121000 121100 84015.89541666667
ASFV 121100 121200 72614.74375
ASFV 121200 121300 110367.42458333334
ASFV 121300 121400 179474.53
ASFV 121400 121500 186982.26666666663
ASFV 121500 121600 155165.84333333332
ASFV 121600 121700 162372.96
ASFV 121700 121800 188551.92
ASFV 121800 121900 244559.56
ASFV 121900 122000 235658.905
ASFV 122000 122100 200809.865
ASFV 122100 122200 131371.41625
ASFV 122200 122300 79383.50458333333
ASFV 122300 122400 302095.68666666665
ASFV 122400 122500 842261.23
ASFV 122500 122600 1191504.5766666667
ASFV 122600 122700 1002035.1433333334
ASFV 122700 122800 826999.36
ASFV 122800 122900 927792.6666666667
ASFV 122900 123000 1023209.44
ASFV 123000 123100 994878.8933333334
ASFV 123100 123200 973648.25
ASFV 123200 123300 731736.7966666667
ASFV 123300 123400 296440.7632552084
ASFV 123400 123500 4111.418307291667
ASFV 123500 123600 7804.274479166666
ASFV 123600 123700 10934.682604166668
ASFV 123700 123800 10799.533645833333
ASFV 123800 123900 7459.84875
ASFV 123900 124000 5912.072213541666
ASFV 124000 124100 5013.923177083334
ASFV 124100 124200 2158.167220052083
ASFV 124200 124300 7581.933665364582
ASFV 124300 124400 10311.202916666667
ASFV 124400 124500 4447.126302083333
ASFV 124500 124600 4213.876015625
ASFV 124600 124700 7318.1560677083335
ASFV 124700 124800 5519.6788151041665
ASFV 124800 124900 994.06478515625
ASFV 124900 125000 0.0
ASFV 125000 125100 2668.278333333333
ASFV 125100 125200 11327.090729166664
ASFV 125200 125300 12033.415625
ASFV 125300 125400 3093.3726139322916
ASFV 125400 125500 1719.9936751302084
ASFV 125500 125600 9025.065260416666
ASFV 125600 125700 14623.239479166665
ASFV 125700 125800 9168.934694010417
ASFV 125800 125900 510.11220703125
ASFV 125900 126000 370.5943359375
ASFV 126000 126100 3841.1012890625
ASFV 126100 126200 9293.194010416668
ASFV 126200 126300 10117.2084375
ASFV 126300 126400 7697.449192708334
ASFV 126400 126500 7475.114192708334
ASFV 126500 126600 12842.188177083333
ASFV 126600 126700 24461.42958333333
ASFV 126700 126800 23279.8615625
ASFV 126800 126900 5626.485234375
ASFV 126900 127000 1837.712421875
ASFV 127000 127100 17720.945651041664
ASFV 127100 127200 49051.48
ASFV 127200 127300 89380.85083333334
ASFV 127300 127400 104385.48541666668
ASFV 127400 127500 88092.48958333334
ASFV 127500 127600 65887.364375
ASFV 127600 127700 54677.97145833334
ASFV 127700 127800 74897.17958333333
ASFV 127800 127900 125637.98958333331
ASFV 127900 128000 167883.9233333333
ASFV 128000 128100 260977.12666666665
ASFV 128100 128200 469970.65
ASFV 128200 128300 675951.4433333332
ASFV 128300 128400 854711.02
ASFV 128400 128500 872804.8066666668
ASFV 128500 128600 683692.5216666667
ASFV 128600 128700 595560.8116666668
ASFV 128700 128800 799285.4666666666
ASFV 128800 128900 897933.2666666667
ASFV 128900 129000 650338.9933333334
ASFV 129000 129100 394694.18
ASFV 129100 129200 273315.88916666666
ASFV 129200 129300 136230.51916666667
ASFV 129300 129400 19549.957604166666
ASFV 129400 129500 5231.919921875
ASFV 129500 129600 4795.9265625
ASFV 129600 129700 854.546875
ASFV 129700 129800 0.0
ASFV 129800 129900 0.0
ASFV 129900 130000 196.1969970703125
ASFV 130000 130100 3283.0298323567713
ASFV 130100 130200 6356.774270833333
ASFV 130200 130300 8161.792552083332
ASFV 130300 130400 12639.445625
ASFV 130400 130500 7996.1259375
ASFV 130500 130600 2326.026845703125
ASFV 130600 130700 3032.331318359375
ASFV 130700 130800 13271.656145833334
ASFV 130800 130900 17213.040729166667
ASFV 130900 131000 24914.86166666667
ASFV 131000 131100 41687.52520833333
ASFV 131100 131200 36427.2746875
ASFV 131200 131300 19144.48010416667
ASFV 131300 131400 13018.760104166666
ASFV 131400 131500 13341.399479166665
ASFV 131500 131600 14655.934479166668
ASFV 131600 131700 17607.608229166664
ASFV 131700 131800 21121.71260416667
ASFV 131800 131900 25241.865104166664
ASFV 131900 132000 28847.518854166665
ASFV 132000 132100 38469.91322916667
ASFV 132100 132200 31903.85651041667
ASFV 132200 132300 12227.44703125
ASFV 132300 132400 24603.12145833333
ASFV 132400 132500 31395.86625
ASFV 132500 132600 23894.626822916664
ASFV 132600 132700 25555.77130208333
ASFV 132700 132800 37288.369166666664
ASFV 132800 132900 41609.056874999995
ASFV 132900 133000 45007.62958333334
ASFV 133000 133100 43978.673125
ASFV 133100 133200 29019.726041666665
ASFV 133200 133300 18782.602083333335
ASFV 133300 133400 24899.60072916667
ASFV 133400 133500 26408.13885416667
ASFV 133500 133600 19120.498697916664
ASFV 133600 133700 13749.041510416668
ASFV 133700 133800 25411.89375
ASFV 133800 133900 35413.59020833333
ASFV 133900 134000 33811.317083333335
ASFV 134000 134100 111732.07583333332
ASFV 134100 134200 459345.42833333334
ASFV 134200 134300 769746.7633333333
ASFV 134300 134400 807274.87
ASFV 134400 134500 764787.2366666667
ASFV 134500 134600 717126.7283333334
ASFV 134600 134700 655860.9116666667
ASFV 134700 134800 981260.9
ASFV 134800 134900 1395546.2333333334
ASFV 134900 135000 1282859.4733333334
ASFV 135000 135100 989422.1533333334
ASFV 135100 135200 1180051.2533333332
ASFV 135200 135300 1102902.2133333334
ASFV 135300 135400 493267.8773958334
ASFV 135400 135500 18749.9021875
ASFV 135500 135600 4904.924934895834
ASFV 135600 135700 3897.780377604167
ASFV 135700 135800 4355.573359375
ASFV 135800 135900 4368.653046875
ASFV 135900 136000 1648.054765625
ASFV 136000 136100 0.0
ASFV 136100 136200 2014.2891796875
ASFV 136200 136300 2877.5565234375
ASFV 136300 136400 6435.266171875
ASFV 136400 136500 6243.428515625
ASFV 136500 136600 3749.5447265625
ASFV 136600 136700 2014.2891796875
ASFV 136700 136800 0.0
ASFV 136800 136900 1046.383984375
ASFV 136900 137000 2615.9599609375
ASFV 137000 137100 6156.2151171875
ASFV 137100 137200 16654.92484375
ASFV 137200 137300 17186.850052083333
ASFV 137300 137400 6513.729361979166
ASFV 137400 137500 2328.2043359375
ASFV 137500 137600 4028.578359375
ASFV 137600 137700 5576.352734375
ASFV 137700 137800 8889.893203125
ASFV 137800 137900 11614.883515625
ASFV 137900 138000 13201.872395833332
ASFV 138000 138100 14396.515104166667
ASFV 138100 138200 24668.515
ASFV 138200 138300 32856.46166666666
ASFV 138300 138400 31038.38520833333
ASFV 138400 138500 24712.136458333334
ASFV 138500 138600 12565.316692708333
ASFV 138600 138700 7442.413098958333
ASFV 138700 138800 9234.31953125
ASFV 138800 138900 12286.314427083333
ASFV 138900 139000 14631.951354166667
ASFV 139000 139100 12792.072083333333
ASFV 139100 139200 6694.6859375
ASFV 139200 139300 7771.590885416667
ASFV 139300 139400 7084.900455729167
ASFV 139400 139500 1024.5854817708334
ASFV 139500 139600 0.0
ASFV 139600 139700 523.1919921875
ASFV 139700 139800 3819.3016015625
ASFV 139800 139900 7089.258671875
ASFV 139900 140000 4885.304947916667
ASFV 140000 140100 7697.453906249999
ASFV 140100 140200 8240.283177083335
ASFV 140200 140300 10734.139791666668
ASFV 140300 140400 12730.999479166665
ASFV 140400 140500 8201.039166666667
ASFV 140500 140600 7213.5071875
ASFV 140600 140700 10300.305208333333
ASFV 140700 140800 5768.182526041666
ASFV 140800 140900 4983.408255208334
ASFV 140900 141000 14804.15828125
ASFV 141000 141100 24539.92447916667
ASFV 141100 141200 20217.03927083333
ASFV 141200 141300 10995.737864583332
ASFV 141300 141400 11126.520208333335
ASFV 141400 141500 15752.46765625
ASFV 141500 141600 14597.066614583335
ASFV 141600 141700 14592.709635416668
ASFV 141700 141800 15257.582291666668
ASFV 141800 141900 12118.411666666667
ASFV 141900 142000 10836.597291666665
ASFV 142000 142100 14581.817291666668
ASFV 142100 142200 15767.708177083336
ASFV 142200 142300 10479.10796875
ASFV 142300 142400 9835.977734375
ASFV 142400 142500 6173.669348958334
ASFV 142500 142600 4787.209205729167
ASFV 142600 142700 2589.8003515625
ASFV 142700 142800 4342.493515625
ASFV 142800 142900 8187.933515625
ASFV 142900 143000 11457.892604166667
ASFV 143000 143100 11318.388020833336
ASFV 143100 143200 5031.3680078125
ASFV 143200 143300 104.6383984375
ASFV 143300 143400 2807.794466145833
ASFV 143400 143500 11920.044596354164
ASFV 143500 143600 11460.063229166668
ASFV 143600 143700 2980.0073958333332
ASFV 143700 143800 843.647109375
ASFV 143800 143900 4702.188125
ASFV 143900 144000 4883.125260416667
ASFV 144000 144100 1238.2210481770835
ASFV 144100 144200 0.0
ASFV 144200 144300 0.0
ASFV 144300 144400 1778.8527734375
ASFV 144400 144500 2637.7596354166667
ASFV 144500 144600 12342.981575520833
ASFV 144600 144700 81365.06296875
ASFV 144700 144800 134953.08
ASFV 144800 144900 117644.04666666666
ASFV 144900 145000 81277.94958333333
ASFV 145000 145100 70177.53291666666
ASFV 145100 145200 65185.41270833333
ASFV 145200 145300 52188.435625
ASFV 145300 145400 26368.887604166666
ASFV 145400 145500 19318.8878125
ASFV 145500 145600 24969.36645833333
ASFV 145600 145700 29442.647291666668
ASFV 145700 145800 33405.82770833333
ASFV 145800 145900 20247.55125
ASFV 145900 146000 2563.6421484375
ASFV 146000 146100 0.0
ASFV 146100 146200 0.0
ASFV 146200 146300 0.0
ASFV 146300 146400 0.0
ASFV 146400 146500 0.0
ASFV 146500 146600 0.0
ASFV 146600 146700 0.0
ASFV 146700 146800 0.0
ASFV 146800 146900 0.0
ASFV 146900 147000 0.0
ASFV 147000 147100 0.0
ASFV 147100 147200 0.0
ASFV 147200 147300 0.0
ASFV 147300 147400 0.0
ASFV 147400 147500 0.0
ASFV 147500 147600 0.0
ASFV 147600 147700 0.0
ASFV 147700 147800 0.0
ASFV 147800 147900 0.0
ASFV 147900 148000 0.0
ASFV 148000 148100 0.0
ASFV 148100 148200 0.0
ASFV 148200 148300 0.0
ASFV 148300 148400 0.0
ASFV 148400 148500 0.0
ASFV 148500 148600 863.266796875
ASFV 148600 148700 2615.9599609375
ASFV 148700 148800 2201.766300455729
ASFV 148800 148900 152.59766438802083
ASFV 148900 149000 0.0
ASFV 149000 149100 0.0
ASFV 149100 149200 0.0
ASFV 149200 149300 0.0
ASFV 149300 149400 0.0
ASFV 149400 149500 0.0
ASFV 149500 149600 45672.459375
ASFV 149600 149700 163669.82
ASFV 149700 149800 227458.07
ASFV 149800 149900 209072.08
ASFV 149900 150000 203654.87166666667
ASFV 150000 150100 129130.30083333334
ASFV 150100 150200 49138.6628125
ASFV 150200 150300 38190.855104166665
ASFV 150300 150400 40891.84208333333
ASFV 150400 150500 49520.15208333334
ASFV 150500 150600 45373.88958333333
ASFV 150600 150700 27467.590833333335
ASFV 150700 150800 14976.376145833332
ASFV 150800 150900 49057.99927083333
ASFV 150900 151000 93936.92708333334
ASFV 151000 151100 100302.27833333334
ASFV 151100 151200 58080.89708333333
ASFV 151200 151300 66857.44208333334
ASFV 151300 151400 137133.06583333333
ASFV 151400 151500 202811.1366666667
ASFV 151500 151600 248771.4625
ASFV 151600 151700 411924.72416666674
ASFV 151700 151800 652939.57
ASFV 151800 151900 610979.6333333333
ASFV 151900 152000 554616.6366666666
ASFV 152000 152100 682323.4766666666
ASFV 152100 152200 857098.1866666668
ASFV 152200 152300 788490.2
ASFV 152300 152400 473393.19333333336
ASFV 152400 152500 155706.4241666667
ASFV 152500 152600 37151.00947916667
ASFV 152600 152700 215276.2096875
ASFV 152700 152800 1523745.8133333335
ASFV 152800 152900 3608044.213333334
ASFV 152900 153000 4761022.106666666
ASFV 153000 153100 3963991.44
ASFV 153100 153200 3392105.04
ASFV 153200 153300 3758265.813333333
ASFV 153300 153400 3373363.786666667
ASFV 153400 153500 2158057.3733333335
ASFV 153500 153600 955554.3549999999
ASFV 153600 153700 286072.8571354167
ASFV 153700 153800 2916.7970703125
ASFV 153800 153900 3261.2300651041664
ASFV 153900 154000 4567.030052083333
ASFV 154000 154100 2958.214661458334
ASFV 154100 154200 28470.38091145833
ASFV 154200 154300 125130.07208333332
ASFV 154300 154400 556997.1633333333
ASFV 154400 154500 1172358.5699999998
ASFV 154500 154600 1436553.0466666669
ASFV 154600 154700 1087243.2733333332
ASFV 154700 154800 758903.615
ASFV 154800 154900 590470.5316666667
ASFV 154900 155000 454274.9125
ASFV 155000 155100 231979.01416666663
ASFV 155100 155200 145988.07333333333
ASFV 155200 155300 500132.72416666674
ASFV 155300 155400 576268.1066666667
ASFV 155400 155500 222110.49166666664
ASFV 155500 155600 40261.840520833335
ASFV 155600 155700 40322.86989583333
ASFV 155700 155800 87713.11458333334
ASFV 155800 155900 112002.12916666667
ASFV 155900 156000 80418.99666666666
ASFV 156000 156100 67735.96666666667
ASFV 156100 156200 66024.69145833334
ASFV 156200 156300 53529.11020833334
ASFV 156300 156400 37580.45333333333
ASFV 156400 156500 27177.662083333336
ASFV 156500 156600 15445.0934375
ASFV 156600 156700 5713.682760416667
ASFV 156700 156800 21998.0578125
ASFV 156800 156900 162252.80708333332
ASFV 156900 157000 860446.4366666668
ASFV 157000 157100 2359680.14
ASFV 157100 157200 3659059.146666667
ASFV 157200 157300 3804589.333333334
ASFV 157300 157400 4259134.826666667
ASFV 157400 157500 5215326.24
ASFV 157500 157600 3547177.053333333
ASFV 157600 157700 787271.56
ASFV 157700 157800 67245.46875
ASFV 157800 157900 105678.14375
ASFV 157900 158000 102715.645
ASFV 158000 158100 43446.75416666667
ASFV 158100 158200 24038.493958333336
ASFV 158200 158300 130495.06604166667
ASFV 158300 158400 332961.81
ASFV 158400 158500 373304.16833333333
ASFV 158500 158600 218587.5479166667
ASFV 158600 158700 97786.84041666667
ASFV 158700 158800 550156.4066666667
ASFV 158800 158900 1026322.02
ASFV 158900 159000 1173916.8466666667
ASFV 159000 159100 1582239.0733333332
ASFV 159100 159200 2217718.8933333335
ASFV 159200 159300 2526179.5066666664
ASFV 159300 159400 2425157.64
ASFV 159400 159500 1722205.6933333334
ASFV 159500 159600 661210.7241666666
ASFV 159600 159700 72933.008125
ASFV 159700 159800 23234.11260416667
ASFV 159800 159900 36601.66322916667
ASFV 159900 160000 45855.62916666666
ASFV 160000 160100 63870.89083333334
ASFV 160100 160200 109043.90541666668
ASFV 160200 160300 115514.085
ASFV 160300 160400 75477.03083333332
ASFV 160400 160500 46553.22583333333
ASFV 160500 160600 87554.03333333334
ASFV 160600 160700 263137.5133333333
ASFV 160700 160800 356860.94666666666
ASFV 160800 160900 463552.74
ASFV 160900 161000 1076346.0666666667
ASFV 161000 161100 1697920.0
ASFV 161100 161200 1625264.2933333332
ASFV 161200 161300 1263010.2266666668
ASFV 161300 161400 1033270.29
ASFV 161400 161500 1224079.0833333335
ASFV 161500 161600 1238693.5133333332
ASFV 161600 161700 873269.1799999998
ASFV 161700 161800 864361.7366666667
ASFV 161800 161900 1411673.2233333334
ASFV 161900 162000 1956130.9466666665
ASFV 162000 162100 2065653.04
ASFV 162100 162200 2270565.4533333336
ASFV 162200 162300 2630591.4933333336
ASFV 162300 162400 2127951.893333333
ASFV 162400 162500 1241324.3466666667
ASFV 162500 162600 3200889.16
ASFV 162600 162700 5962769.493333332
ASFV 162700 162800 5222131.026666667
ASFV 162800 162900 4254164.493333333
ASFV 162900 163000 7668215.84
ASFV 163000 163100 12675372.533333333
ASFV 163100 163200 9228395.56
ASFV 163200 163300 1708556.8066666669
ASFV 163300 163400 1233336.54
ASFV 163400 163500 2328090.973333333
ASFV 163500 163600 2934797.786666666
ASFV 163600 163700 2010050.4933333334
ASFV 163700 163800 287132.48166666663
ASFV 163800 163900 208234.855
ASFV 163900 164000 294838.4816666667
ASFV 164000 164100 321111.3983333333
ASFV 164100 164200 282436.8
ASFV 164200 164300 253656.6066666667
ASFV 164300 164400 213214.0375
ASFV 164400 164500 196406.28583333336
ASFV 164500 164600 187051.97583333336
ASFV 164600 164700 152486.49416666667
ASFV 164700 164800 141497.4325
ASFV 164800 164900 237110.9475
ASFV 164900 165000 280306.94
ASFV 165000 165100 181541.145
ASFV 165100 165200 32429.211510416666
ASFV 165200 165300 6204.186223958332
ASFV 165300 165400 33900.6990625
ASFV 165400 165500 44050.66145833333
ASFV 165500 165600 24143.156822916666
ASFV 165600 165700 25581.92859375
ASFV 165700 165800 80220.55541666667
ASFV 165800 165900 104714.69916666667
ASFV 165900 166000 68152.36541666667
ASFV 166000 166100 26048.4384375
ASFV 166100 166200 21416.023229166665
ASFV 166200 166300 27293.21083333333
ASFV 166300 166400 38025.19385416667
ASFV 166400 166500 28642.609687499997
ASFV 166500 166600 12275.384036458336
ASFV 166600 166700 9293.180130208333
ASFV 166700 166800 7063.1001953125
ASFV 166800 166900 1778.8530924479169
ASFV 166900 167000 11608.34025390625
ASFV 167000 167100 26375.43484375
ASFV 167100 167200 34798.81125
ASFV 167200 167300 28551.05
ASFV 167300 167400 22822.082916666666
ASFV 167400 167500 41225.38833333333
ASFV 167500 167600 46448.60895833333
ASFV 167600 167700 32823.79625
ASFV 167700 167800 24090.83322916667
ASFV 167800 167900 38570.1690625
ASFV 167900 168000 47538.56083333333
ASFV 168000 168100 64184.80416666667
ASFV 168100 168200 97034.765
ASFV 168200 168300 156177.235
ASFV 168300 168400 189356.18
ASFV 168400 168500 138584.89
ASFV 168500 168600 42960.63546875
ASFV 168600 168700 616.93140625
ASFV 168700 168800 0.0
ASFV 168800 168900 0.0
ASFV 168900 169000 0.0
ASFV 169000 169100 0.0
ASFV 169100 169200 0.0
ASFV 169200 169300 0.0
ASFV 169300 169400 45.77929931640625
ASFV 169400 169500 2718.4184057617185
ASFV 169500 169600 5109.841796875
ASFV 169600 169700 3596.9448828125
ASFV 169700 169800 196.1969921875
ASFV 169800 169900 0.0
ASFV 169900 170000 0.0
ASFV 170000 170100 0.0
ASFV 170100 170101 0.0
