ASFV 0 100 4688.541015625
ASFV 100 200 46553.896953125
ASFV 200 300 89804.656875
ASFV 300 400 153312.935
ASFV 400 500 133386.55
ASFV 500 600 112228.9
ASFV 600 700 97216.258125
ASFV 700 800 139212.051875
ASFV 800 900 147482.01
ASFV 900 1000 107629.51625
ASFV 1000 1100 92012.655625
ASFV 1100 1200 115099.970625
ASFV 1200 1300 115781.0115625
ASFV 1300 1400 108866.6184375
ASFV 1400 1500 107433.784375
ASFV 1500 1600 261279.845625
ASFV 1600 1700 376006.75
ASFV 1700 1800 403960.5125
ASFV 1800 1900 432488.41375
ASFV 1900 2000 493392.12875
ASFV 2000 2100 450721.74375
ASFV 2100 2200 271159.93375
ASFV 2200 2300 106800.391875
ASFV 2300 2400 140259.655625
ASFV 2400 2500 243348.4425
ASFV 2500 2600 313699.9875
ASFV 2600 2700 293945.59
ASFV 2700 2800 251357.965
ASFV 2800 2900 218674.2075
ASFV 2900 3000 282916.7375
ASFV 3000 3100 353286.275
ASFV 3100 3200 379322.105
ASFV 3200 3300 285290.74375
ASFV 3300 3400 139839.48625
ASFV 3400 3500 115017.20875
ASFV 3500 3600 279589.82125
ASFV 3600 3700 517385.49
ASFV 3700 3800 591170.73
ASFV 3800 3900 473377.045
ASFV 3900 4000 401036.075
ASFV 4000 4100 470878.83
ASFV 4100 4200 699871.49
ASFV 4200 4300 690074.13
ASFV 4300 4400 507883.95
ASFV 4400 4500 220769.90125
ASFV 4500 4600 99519.025
ASFV 4600 4700 207106.925
ASFV 4700 4800 430487.46125
ASFV 4800 4900 629034.21
ASFV 4900 5000 640708.29
ASFV 5000 5100 495967.2825
ASFV 5100 5200 284840.7075
ASFV 5200 5300 365540.57
ASFV 5300 5400 679625.68
ASFV 5400 5500 774686.9275
ASFV 5500 5600 764623.0325
ASFV 5600 5700 779523.385
ASFV 5700 5800 806731.23
ASFV 5800 5900 575175.17125
ASFV 5900 6000 155846.63875
ASFV 6000 6100 97299.10125
ASFV 6100 6200 559191.53125
ASFV 6200 6300 1200130.565
ASFV 6300 6400 2126034.805
ASFV 6400 6500 2390647.56
ASFV 6500 6600 2591887.34
ASFV 6600 6700 2190668.58
ASFV 6700 6800 2068434.48
ASFV 6800 6900 1719534.66
ASFV 6900 7000 1544744.7
ASFV 7000 7100 1145045.76
ASFV 7100 7200 749539.28
ASFV 7200 7300 490071.0575
ASFV 7300 7400 756228.9175
ASFV 7400 7500 1235005.195
ASFV 7500 7600 1576106.93
ASFV 7600 7700 1524172.77
ASFV 7700 7800 1409468.65
ASFV 7800 7900 1778389.95
ASFV 7900 8000 1825902.55
ASFV 8000 8100 2497643.51
ASFV 8100 8200 2812486.29
ASFV 8200 8300 4949550.22
ASFV 8300 8400 6550189.82
ASFV 8400 8500 5766332.88
ASFV 8500 8600 3866940.1
ASFV 8600 8700 3763572.66
ASFV 8700 8800 5323058.84
ASFV 8800 8900 8057034.8
ASFV 8900 9000 6938000.72
ASFV 9000 9100 5376532.97
ASFV 9100 9200 2803327.67
ASFV 9200 9300 2314511.9
ASFV 9300 9400 3100257.32
ASFV 9400 9500 2887076.13
ASFV 9500 9600 3035428.33
ASFV 9600 9700 6235873.9
ASFV 9700 9800 8284517.54
ASFV 9800 9900 9803881.2
ASFV 9900 10000 6896046.96
ASFV 10000 10100 4423403.45
ASFV 10100 10200 1750862.385
ASFV 10200 10300 349195.59875
ASFV 10300 10400 453681.67625
ASFV 10400 10500 811851.875
ASFV 10500 10600 2570717.425
ASFV 10600 10700 4082773.0
ASFV 10700 10800 4277182.06
ASFV 10800 10900 3316042.4
ASFV 10900 11000 3187237.72
ASFV 11000 11100 6127700.12
ASFV 11100 11200 5798257.96
ASFV 11200 11300 4493536.08
ASFV 11300 11400 1359233.36
ASFV 11400 11500 1121698.36
ASFV 11500 11600 982912.93
ASFV 11600 11700 756708.3
ASFV 11700 11800 655324.36
ASFV 11800 11900 780145.1575
ASFV 11900 12000 922411.4725
ASFV 12000 12100 1249128.64
ASFV 12100 12200 1324441.64
ASFV 12200 12300 1299134.785
ASFV 12300 12400 997741.755
ASFV 12400 12500 726161.66375
ASFV 12500 12600 448531.21875
ASFV 12600 12700 1490768.9275
ASFV 12700 12800 2323622.36
ASFV 12800 12900 2525341.1
ASFV 12900 13000 1901434.93
ASFV 13000 13100 2743134.39
ASFV 13100 13200 5664641.06
ASFV 13200 13300 6930518.2
ASFV 13300 13400 6428808.2
ASFV 13400 13500 3874316.15
ASFV 13500 13600 2430790.73
ASFV 13600 13700 1325406.75
ASFV 13700 13800 746466.84
ASFV 13800 13900 327771.8675
ASFV 13900 14000 147464.1325
ASFV 14000 14100 352339.2325
ASFV 14100 14200 787331.6775
ASFV 14200 14300 1514765.9
ASFV 14300 14400 1758096.46
ASFV 14400 14500 1777987.71
ASFV 14500 14600 1365940.95
ASFV 14600 14700 1074599.655
ASFV 14700 14800 698071.835
ASFV 14800 14900 574796.265
ASFV 14900 15000 737829.765
ASFV 15000 15100 1009836.17
ASFV 15100 15200 890538.51
ASFV 15200 15300 569545.4675
ASFV 15300 15400 268827.6125
ASFV 15400 15500 261504.7325
ASFV 15500 15600 714706.7775
ASFV 15600 15700 734200.8
ASFV 15700 15800 705465.8475
ASFV 15800 15900 210060.7425
ASFV 15900 16000 199097.3
ASFV 16000 16100 377042.835
ASFV 16100 16200 578070.02
ASFV 16200 16300 827432.94
ASFV 16300 16400 880096.185
ASFV 16400 16500 898702.3375
ASFV 16500 16600 754482.2025
ASFV 16600 16700 622054.6275
ASFV 16700 16800 412360.8525
ASFV 16800 16900 257035.10875
ASFV 16900 17000 164590.52125
ASFV 17000 17100 174168.75625
ASFV 17100 17200 293276.50875
ASFV 17200 17300 649238.825
ASFV 17300 17400 967952.975
ASFV 17400 17500 985688.275
ASFV 17500 17600 590395.2
ASFV 17600 17700 337385.5125
ASFV 17700 17800 263600.235
ASFV 17800 17900 352392.5625
ASFV 17900 18000 399929.215
ASFV 18000 18100 362758.1875
ASFV 18100 18200 285764.3075
ASFV 18200 18300 323397.04375
ASFV 18300 18400 409282.29625
ASFV 18400 18500 377847.89125
ASFV 18500 18600 226571.41
ASFV 18600 18700 99631.52
ASFV 18700 18800 101810.1875
ASFV 18800 18900 137317.42125
ASFV 18900 19000 253264.005
ASFV 19000 19100 257668.6325
ASFV 19100 19200 192751.255
ASFV 19200 19300 364498.59
ASFV 19300 19400 1104767.29
ASFV 19400 19500 2708462.7
ASFV 19500 19600 4677791.92
ASFV 19600 19700 5619514.52
ASFV 19700 19800 5876104.68
ASFV 19800 19900 5717973.6
ASFV 19900 20000 5220845.52
ASFV 20000 20100 4671030.9
ASFV 20100 20200 3134657.28
ASFV 20200 20300 2036437.64
ASFV 20300 20400 963850.44
ASFV 20400 20500 713706.225
ASFV 20500 20600 913525.685
ASFV 20600 20700 1085001.07
ASFV 20700 20800 1114256.58
ASFV 20800 20900 1022954.205
ASFV 20900 21000 865367.725
ASFV 21000 21100 738528.3
ASFV 21100 21200 608953.89
ASFV 21200 21300 474649.72
ASFV 21300 21400 310088.885
ASFV 21400 21500 187867.22125
ASFV 21500 21600 200950.19375
ASFV 21600 21700 191880.96625
ASFV 21700 21800 182705.29625
ASFV 21800 21900 310740.2475
ASFV 21900 22000 531066.21
ASFV 22000 22100 966633.215
ASFV 22100 22200 1182139.745
ASFV 22200 22300 1286082.18
ASFV 22300 22400 957954.64
ASFV 22400 22500 762125.03
ASFV 22500 22600 643277.385
ASFV 22600 22700 769216.995
ASFV 22700 22800 801468.37
ASFV 22800 22900 778694.6375
ASFV 22900 23000 763149.0325
ASFV 23000 23100 737054.155
ASFV 23100 23200 664843.495
ASFV 23200 23300 419257.535
ASFV 23300 23400 203087.265
ASFV 23400 23500 104912.135
ASFV 23500 23600 144551.645
ASFV 23600 23700 226003.275
ASFV 23700 23800 303103.46
ASFV 23800 23900 312936.49875
ASFV 23900 24000 314534.76125
ASFV 24000 24100 307324.35
ASFV 24100 24200 309704.2725
ASFV 24200 24300 264281.0175
ASFV 24300 24400 240435.64
ASFV 24400 24500 288966.79375
ASFV 24500 24600 266258.31625
ASFV 24600 24700 243750.92
ASFV 24700 24800 259876.66
ASFV 24800 24900 504415.1
ASFV 24900 25000 607811.38
ASFV 25000 25100 498678.65875
ASFV 25100 25200 293661.54125
ASFV 25200 25300 188163.2
ASFV 25300 25400 151696.81
ASFV 25400 25500 125761.98
ASFV 25500 25600 488070.205
ASFV 25600 25700 1344728.83
ASFV 25700 25800 1654670.11
ASFV 25800 25900 1417573.66
ASFV 25900 26000 753564.41
ASFV 26000 26100 564697.08625
ASFV 26100 26200 619893.96375
ASFV 26200 26300 893865.7775
ASFV 26300 26400 1294996.4725
ASFV 26400 26500 1605180.355
ASFV 26500 26600 1550197.505
ASFV 26600 26700 1238165.89
ASFV 26700 26800 1068087.44
ASFV 26800 26900 899850.8
ASFV 26900 27000 832447.2
ASFV 27000 27100 595900.71
ASFV 27100 27200 578792.2
ASFV 27200 27300 943006.715
ASFV 27300 27400 1523758.245
ASFV 27400 27500 1761222.04
ASFV 27500 27600 1367195.58
ASFV 27600 27700 1204606.64
ASFV 27700 27800 1158596.65
ASFV 27800 27900 1222531.48
ASFV 27900 28000 1107496.87
ASFV 28000 28100 1033461.66
ASFV 28100 28200 1605500.13
ASFV 28200 28300 1978552.93
ASFV 28300 28400 2237890.88
ASFV 28400 28500 2075816.28
ASFV 28500 28600 1663437.87
ASFV 28600 28700 1226805.7
ASFV 28700 28800 803593.67
ASFV 28800 28900 698574.88
ASFV 28900 29000 780079.81
ASFV 29000 29100 708443.415
ASFV 29100 29200 754938.155
ASFV 29200 29300 758199.85
ASFV 29300 29400 1243061.12
ASFV 29400 29500 1274424.695
ASFV 29500 29600 1872236.935
ASFV 29600 29700 1933757.56
ASFV 29700 29800 1958479.15
ASFV 29800 29900 2932155.84
ASFV 29900 30000 3700555.89
ASFV 30000 30100 3832332.9
ASFV 30100 30200 3684454.02
ASFV 30200 30300 6611922.08
ASFV 30300 30400 9397898.24
ASFV 30400 30500 9050860.48
ASFV 30500 30600 4747960.16
ASFV 30600 30700 1698157.965
ASFV 30700 30800 1061771.415
ASFV 30800 30900 2395229.6
ASFV 30900 31000 4281610.66
ASFV 31000 31100 6387647.42
ASFV 31100 31200 6382543.86
ASFV 31200 31300 5145355.54
ASFV 31300 31400 2878303.24
ASFV 31400 31500 2201968.74
ASFV 31500 31600 3471167.32
ASFV 31600 31700 8397711.56
ASFV 31700 31800 12945253.88
ASFV 31800 31900 13185278.84
ASFV 31900 32000 8003174.04
ASFV 32000 32100 2679117.275
ASFV 32100 32200 1049232.735
ASFV 32200 32300 2137614.22
ASFV 32300 32400 5082302.27
ASFV 32400 32500 7540880.48
ASFV 32500 32600 9508729.84
ASFV 32600 32700 9185522.8
ASFV 32700 32800 9021128.9
ASFV 32800 32900 8733861.81
ASFV 32900 33000 8567216.22
ASFV 33000 33100 7829181.89
ASFV 33100 33200 5557199.665
ASFV 33200 33300 3230625.4775
ASFV 33300 33400 1412693.86
ASFV 33400 33500 1539143.805
ASFV 33500 33600 2309436.8975
ASFV 33600 33700 2497537.0975
ASFV 33700 33800 1964965.77625
ASFV 33800 33900 1539104.59375
ASFV 33900 34000 1224445.8375
ASFV 34000 34100 974182.011875
ASFV 34100 34200 647215.689375
ASFV 34200 34300 700982.875
ASFV 34300 34400 712143.41
ASFV 34400 34500 722808.049375
ASFV 34500 34600 469626.6884375
ASFV 34600 34700 370828.4825
ASFV 34700 34800 301753.9234375
ASFV 34800 34900 294269.75
ASFV 34900 35000 319103.46875
ASFV 35000 35100 323789.0734375
ASFV 35100 35200 407611.745625
ASFV 35200 35300 413475.3721875
ASFV 35300 35400 317490.3378125
ASFV 35400 35500 292600.2090625
ASFV 35500 35600 292869.5925
ASFV 35600 35700 411157.500625
ASFV 35700 35800 530956.87875
ASFV 35800 35900 691632.425
ASFV 35900 36000 750915.688125
ASFV 36000 36100 564350.786875
ASFV 36100 36200 457594.638125
ASFV 36200 36300 572904.890625
ASFV 36300 36400 801103.05875
ASFV 36400 36500 1095656.72125
ASFV 36500 36600 1312228.4875
ASFV 36600 36700 1101118.33125
ASFV 36700 36800 752395.5725
ASFV 36800 36900 577652.6675
ASFV 36900 37000 924613.79875
ASFV 37000 37100 1107332.3775
ASFV 37100 37200 1570042.3025
ASFV 37200 37300 1559190.0275
ASFV 37300 37400 2884712.8825
ASFV 37400 37500 4589173.015
ASFV 37500 37600 8021632.68
ASFV 37600 37700 9656668.61
ASFV 37700 37800 9387302.81
ASFV 37800 37900 6579804.81
ASFV 37900 38000 3684718.5625
ASFV 38000 38100 1627085.8025
ASFV 38100 38200 838688.07125
ASFV 38200 38300 780700.05875
ASFV 38300 38400 882141.510625
ASFV 38400 38500 802664.306875
ASFV 38500 38600 690090.39125
ASFV 38600 38700 558581.8675
ASFV 38700 38800 514465.38125
ASFV 38800 38900 525467.51625
ASFV 38900 39000 863322.26875
ASFV 39000 39100 1000729.645
ASFV 39100 39200 1255939.775
ASFV 39200 39300 1273013.1975
ASFV 39300 39400 1850114.3575
ASFV 39400 39500 1945459.1
ASFV 39500 39600 2163454.03
ASFV 39600 39700 1620507.1625
ASFV 39700 39800 1235911.2625
ASFV 39800 39900 603482.695625
ASFV 39900 40000 899375.894375
ASFV 40000 40100 1248736.43
ASFV 40100 40200 1473374.06375
ASFV 40200 40300 1166457.27375
ASFV 40300 40400 842062.60875
ASFV 40400 40500 799787.23125
ASFV 40500 40600 900848.5775
ASFV 40600 40700 1297716.4675
ASFV 40700 40800 1581805.885
ASFV 40800 40900 1751154.6975
ASFV 40900 41000 1393220.495
ASFV 41000 41100 1104089.9425
ASFV 41100 41200 856285.015
ASFV 41200 41300 844818.165
ASFV 41300 41400 815425.99875
ASFV 41400 41500 951439.28375
ASFV 41500 41600 1151990.5925
ASFV 41600 41700 1331615.035
ASFV 41700 41800 1539478.74
ASFV 41800 41900 1490857.985
ASFV 41900 42000 1280887.9325
ASFV 42000 42100 1007990.603125
ASFV 42100 42200 805760.394375
ASFV 42200 42300 826207.5825
ASFV 42300 42400 873982.5075
ASFV 42400 42500 1352198.4025
ASFV 42500 42600 1454149.83
ASFV 42600 42700 1401435.56
ASFV 42700 42800 1044636.775
ASFV 42800 42900 1092446.49875
ASFV 42900 43000 1066326.549375
ASFV 43000 43100 1019258.968125
ASFV 43100 43200 939212.42625
ASFV 43200 43300 939500.53875
ASFV 43300 43400 1119614.42125
ASFV 43400 43500 1227264.48625
ASFV 43500 43600 1315934.78375
ASFV 43600 43700 1330394.83125
ASFV 43700 43800 1802564.14625
ASFV 43800 43900 2037079.7975
ASFV 43900 44000 1845505.06
ASFV 44000 44100 955169.445
ASFV 44100 44200 426325.951875
ASFV 44200 44300 330699.043125
ASFV 44300 44400 430811.619375
ASFV 44400 44500 441170.060625
ASFV 44500 44600 352722.3971875
ASFV 44600 44700 319078.1328125
ASFV 44700 44800 291686.95
ASFV 44800 44900 297140.9978125
ASFV 44900 45000 314025.6478125
ASFV 45000 45100 297473.6640625
ASFV 45100 45200 333573.1825
ASFV 45200 45300 322098.9378125
ASFV 45300 45400 286655.2
ASFV 45400 45500 253147.280625
ASFV 45500 45600 311693.199375
ASFV 45600 45700 346555.52
ASFV 45700 45800 357239.2771875
ASFV 45800 45900 205162.1128125
ASFV 45900 46000 541601.895
ASFV 46000 46100 1929777.57
ASFV 46100 46200 8576093.215
ASFV 46200 46300 15145813.5
ASFV 46300 46400 18554168.08
ASFV 46400 46500 13630283.24
ASFV 46500 46600 7342350.46
ASFV 46600 46700 3037109.8425
ASFV 46700 46800 3398495.9325
ASFV 46800 46900 7224460.985
ASFV 46900 47000 13983491.49
ASFV 47000 47100 16951635.19
ASFV 47100 47200 16257850.53
ASFV 47200 47300 13336658.36
ASFV 47300 47400 10802472.68
ASFV 47400 47500 9257900.945
ASFV 47500 47600 7194242.44
ASFV 47600 47700 5902418.79
ASFV 47700 47800 4971811.085
ASFV 47800 47900 3849300.8825
ASFV 47900 48000 2989151.4725
ASFV 48000 48100 1748685.46
ASFV 48100 48200 1022141.2425
ASFV 48200 48300 916682.45625
ASFV 48300 48400 1113146.67375
ASFV 48400 48500 1128067.009375
ASFV 48500 48600 830845.785625
ASFV 48600 48700 521014.4565625
ASFV 48700 48800 416802.4609375
ASFV 48800 48900 559496.42375
ASFV 48900 49000 757092.99625
ASFV 49000 49100 790945.865
ASFV 49100 49200 717485.97875
ASFV 49200 49300 586810.62625
ASFV 49300 49400 616281.3425
ASFV 49400 49500 779052.7475
ASFV 49500 49600 713439.8375
ASFV 49600 49700 677377.5125
ASFV 49700 49800 525563.73125
ASFV 49800 49900 613618.98625
ASFV 49900 50000 839503.725
ASFV 50000 50100 1382311.51125
ASFV 50100 50200 1733890.215
ASFV 50200 50300 1642636.57375
ASFV 50300 50400 1528663.35
ASFV 50400 50500 1329120.9075
ASFV 50500 50600 1258713.7725
ASFV 50600 50700 919142.191875
ASFV 50700 50800 900205.8225
ASFV 50800 50900 1009466.139375
ASFV 50900 51000 1023460.13375
ASFV 51000 51100 930987.94625
ASFV 51100 51200 889648.03875
ASFV 51200 51300 772583.96625
ASFV 51300 51400 596869.94125
ASFV 51400 51500 501571.9915625
ASFV 51500 51600 447001.0659375
ASFV 51600 51700 460742.5221875
ASFV 51700 51800 548217.3278125
ASFV 51800 51900 605020.125625
ASFV 51900 52000 674858.459375
ASFV 52000 52100 505023.1484375
ASFV 52100 52200 555143.8340625
ASFV 52200 52300 669594.296875
ASFV 52300 52400 689628.506875
ASFV 52400 52500 698258.30125
ASFV 52500 52600 638101.96375
ASFV 52600 52700 617027.24375
ASFV 52700 52800 472534.9409375
ASFV 52800 52900 566044.0003125
ASFV 52900 53000 636060.98875
ASFV 53000 53100 598885.65
ASFV 53100 53200 430247.596875
ASFV 53200 53300 488129.425
ASFV 53300 53400 783908.421875
ASFV 53400 53500 1192136.77375
ASFV 53500 53600 1433831.97625
ASFV 53600 53700 1391089.91
ASFV 53700 53800 1201745.50875
ASFV 53800 53900 1438302.26375
ASFV 53900 54000 1636158.5875
ASFV 54000 54100 1648228.65625
ASFV 54100 54200 1399592.2
ASFV 54200 54300 2154175.925
ASFV 54300 54400 2653529.8125
ASFV 54400 54500 2643279.7075
ASFV 54500 54600 1524757.8525
ASFV 54600 54700 1023737.88
ASFV 54700 54800 800349.5325
ASFV 54800 54900 742276.988125
ASFV 54900 55000 515137.275625
ASFV 55000 55100 304921.0059375
ASFV 55100 55200 162546.530859375
ASFV 55200 55300 114194.369453125
ASFV 55300 55400 151961.8515625
ASFV 55400 55500 164445.2384375
ASFV 55500 55600 190550.3659375
ASFV 55600 55700 275562.7540625
ASFV 55700 55800 241809.22
ASFV 55800 55900 164368.20015625
ASFV 55900 56000 38905.4190234375
ASFV 56000 56100 27543.6984375
ASFV 56100 56200 31814.88875
ASFV 56200 56300 31224.38142578125
ASFV 56300 56400 51769.30869140625
ASFV 56400 56500 63003.749921875
ASFV 56500 56600 67710.05078125
ASFV 56600 56700 40568.9032421875
ASFV 56700 56800 174081.3098828125
ASFV 56800 56900 993986.9346875
ASFV 56900 57000 3907010.71
ASFV 57000 57100 8876023.43
ASFV 57100 57200 13167147.35
ASFV 57200 57300 12204405.37
ASFV 57300 57400 7671971.91
ASFV 57400 57500 3011338.0525
ASFV 57500 57600 2144088.0575
ASFV 57600 57700 2527425.305
ASFV 57700 57800 2796494.615
ASFV 57800 57900 2169533.095
ASFV 57900 58000 1855262.73625
ASFV 58000 58100 1693221.66875
ASFV 58100 58200 1598828.8625
ASFV 58200 58300 1120599.86875
ASFV 58300 58400 814980.53125
ASFV 58400 58500 842462.17625
ASFV 58500 58600 1018658.01875
ASFV 58600 58700 1223655.86
ASFV 58700 58800 1302728.145
ASFV 58800 58900 1480975.38875
ASFV 58900 59000 1298130.89875
ASFV 59000 59100 1038351.21625
ASFV 59100 59200 853023.1425
ASFV 59200 59300 686323.9725
ASFV 59300 59400 841756.2275
ASFV 59400 59500 758750.5675
ASFV 59500 59600 951373.059375
ASFV 59600 59700 748162.965625
ASFV 59700 59800 524911.0321875
ASFV 59800 59900 354645.0840625
ASFV 59900 60000 411970.063125
ASFV 60000 60100 548335.93125
ASFV 60100 60200 600725.308125
ASFV 60200 60300 505893.245
ASFV 60300 60400 491083.3521875
ASFV 60400 60500 437407.738125
ASFV 60500 60600 458516.686875
ASFV 60600 60700 337652.0478125
ASFV 60700 60800 299853.6671875
ASFV 60800 60900 242543.3353125
ASFV 60900 61000 356925.644375
ASFV 61000 61100 642297.763125
ASFV 61100 61200 721872.6625
ASFV 61200 61300 698924.4125
ASFV 61300 61400 469234.635
ASFV 61400 61500 407827.69125
ASFV 61500 61600 389878.664375
ASFV 61600 61700 345038.6071875
ASFV 61700 61800 469856.2875
ASFV 61800 61900 469535.1325
ASFV 61900 62000 420916.515625
ASFV 62000 62100 292021.5203125
ASFV 62100 62200 300152.37
ASFV 62200 62300 379153.299375
ASFV 62300 62400 472074.6575
ASFV 62400 62500 921696.650625
ASFV 62500 62600 1533117.60875
ASFV 62600 62700 2256963.24
ASFV 62700 62800 2530315.135
ASFV 62800 62900 2570731.275
ASFV 62900 63000 2795252.475
ASFV 63000 63100 2702934.585
ASFV 63100 63200 2619654.79
ASFV 63200 63300 1928797.645
ASFV 63300 63400 1416289.605
ASFV 63400 63500 1059307.15
ASFV 63500 63600 2045503.435
ASFV 63600 63700 2578301.135
ASFV 63700 63800 2553209.61125
ASFV 63800 63900 1503060.8
ASFV 63900 64000 1415048.6125
ASFV 64000 64100 1966540.71625
ASFV 64100 64200 2441735.4325
ASFV 64200 64300 2306606.04625
ASFV 64300 64400 1676689.90625
ASFV 64400 64500 1374296.6975
ASFV 64500 64600 966998.44625
ASFV 64600 64700 1641036.39
ASFV 64700 64800 1671313.67125
ASFV 64800 64900 1569314.2375
ASFV 64900 65000 638151.7675
ASFV 65000 65100 140055.32
ASFV 65100 65200 154329.92
ASFV 65200 65300 137876.76
ASFV 65300 65400 149061.12
ASFV 65400 65500 152426.46
ASFV 65500 65600 199215.765
ASFV 65600 65700 264215.985
ASFV 65700 65800 349935.84
ASFV 65800 65900 327227.13
ASFV 65900 66000 267436.335
ASFV 66000 66100 225203.9325
ASFV 66100 66200 267880.2325
ASFV 66200 66300 315073.515
ASFV 66300 66400 322556.415
ASFV 66400 66500 315570.8725
ASFV 66500 66600 255762.3
ASFV 66600 66700 230058.5675
ASFV 66700 66800 204703.44
ASFV 66800 66900 205330.74
ASFV 66900 67000 156438.65
ASFV 67000 67100 175287.6
ASFV 67100 67200 296638.945
ASFV 67200 67300 664583.065
ASFV 67300 67400 1025008.76
ASFV 67400 67500 1047609.81
ASFV 67500 67600 752978.72
ASFV 67600 67700 602140.235
ASFV 67700 67800 763279.295
ASFV 67800 67900 1019894.33
ASFV 67900 68000 1013991.47
ASFV 68000 68100 992621.48
ASFV 68100 68200 1026790.8925
ASFV 68200 68300 1072953.4175
ASFV 68300 68400 1153097.24
ASFV 68400 68500 1014808.63
ASFV 68500 68600 1027820.1375
ASFV 68600 68700 806038.5525
ASFV 68700 68800 738848.11
ASFV 68800 68900 761722.42
ASFV 68900 69000 827350.065
ASFV 69000 69100 857185.945
ASFV 69100 69200 647948.2975
ASFV 69200 69300 762604.3975
ASFV 69300 69400 899442.295
ASFV 69400 69500 1133857.47
ASFV 69500 69600 1023943.03
ASFV 69600 69700 1136550.99
ASFV 69700 69800 1227859.83
ASFV 69800 69900 1189415.79
ASFV 69900 70000 857690.095
ASFV 70000 70100 537803.145
ASFV 70100 70200 538430.565
ASFV 70200 70300 777498.645
ASFV 70300 70400 1149781.84
ASFV 70400 70500 1333192.48
ASFV 70500 70600 1318540.01
ASFV 70600 70700 1050961.75
ASFV 70700 70800 960636.305
ASFV 70800 70900 998925.305
ASFV 70900 71000 1051340.0
ASFV 71000 71100 861643.93
ASFV 71100 71200 513561.1725
ASFV 71200 71300 616590.6375
ASFV 71300 71400 937714.42
ASFV 71400 71500 1360690.15
ASFV 71500 71600 1243516.59
ASFV 71600 71700 933339.265
ASFV 71700 71800 565679.78375
ASFV 71800 71900 437218.44125
ASFV 71900 72000 645787.465
ASFV 72000 72100 869771.905
ASFV 72100 72200 1057395.84
ASFV 72200 72300 988939.12
ASFV 72300 72400 940999.955
ASFV 72400 72500 997665.585
ASFV 72500 72600 1019834.235
ASFV 72600 72700 1179256.805
ASFV 72700 72800 1252018.78
ASFV 72800 72900 1239445.22
ASFV 72900 73000 922008.8225
ASFV 73000 73100 625825.7375
ASFV 73100 73200 528840.30625
ASFV 73200 73300 497950.33875
ASFV 73300 73400 452811.47625
ASFV 73400 73500 441966.09375
ASFV 73500 73600 471417.61125
ASFV 73600 73700 489354.85875
ASFV 73700 73800 520759.79
ASFV 73800 73900 697243.095
ASFV 73900 74000 843049.58
ASFV 74000 74100 1011316.4
ASFV 74100 74200 1014340.96
ASFV 74200 74300 918285.26
ASFV 74300 74400 828723.455
ASFV 74400 74500 831091.435
ASFV 74500 74600 907327.6575
ASFV 74600 74700 1021794.3925
ASFV 74700 74800 941970.68
ASFV 74800 74900 892445.245
ASFV 74900 75000 659853.0875
ASFV 75000 75100 431902.3425
ASFV 75100 75200 454966.2475
ASFV 75200 75300 616827.5775
ASFV 75300 75400 743199.0025
ASFV 75400 75500 562287.5375
ASFV 75500 75600 464882.135
ASFV 75600 75700 883831.615
ASFV 75700 75800 940549.905
ASFV 75800 75900 812680.85
ASFV 75900 76000 292163.645
ASFV 76000 76100 306632.005
ASFV 76100 76200 392908.19375
ASFV 76200 76300 780352.35125
ASFV 76300 76400 980011.78
ASFV 76400 76500 1094443.835
ASFV 76500 76600 900063.73
ASFV 76600 76700 787752.075
ASFV 76700 76800 735657.19
ASFV 76800 76900 744821.135
ASFV 76900 77000 704157.675
ASFV 77000 77100 745300.68
ASFV 77100 77200 747875.9325
ASFV 77200 77300 1129766.7475
ASFV 77300 77400 1216901.425
ASFV 77400 77500 1183938.975
ASFV 77500 77600 1080300.4
ASFV 77600 77700 1327325.16
ASFV 77700 77800 1384949.605
ASFV 77800 77900 1106405.895
ASFV 77900 78000 684308.175
ASFV 78000 78100 1188574.745
ASFV 78100 78200 1391909.58
ASFV 78200 78300 1234430.02
ASFV 78300 78400 508960.94375
ASFV 78400 78500 349409.02625
ASFV 78500 78600 445376.025
ASFV 78600 78700 553129.505
ASFV 78700 78800 573618.165
ASFV 78800 78900 842510.905
ASFV 78900 79000 850544.2225
ASFV 79000 79100 697100.9275
ASFV 79100 79200 532256.26
ASFV 79200 79300 657177.41
ASFV 79300 79400 1069052.25
ASFV 79400 79500 1035191.79
ASFV 79500 79600 1062273.59
ASFV 79600 79700 1003087.51
ASFV 79700 79800 1078560.295
ASFV 79800 79900 905628.665
ASFV 79900 80000 617833.78
ASFV 80000 80100 496322.4675
ASFV 80100 80200 509807.7675
ASFV 80200 80300 435087.255
ASFV 80300 80400 316660.01
ASFV 80400 80500 205248.0375
ASFV 80500 80600 203892.17875
ASFV 80600 80700 267673.23875
ASFV 80700 80800 352422.1725
ASFV 80800 80900 403854.1125
ASFV 80900 81000 342689.755
ASFV 81000 81100 232935.225
ASFV 81100 81200 164128.59
ASFV 81200 81300 204703.31
ASFV 81300 81400 274794.87
ASFV 81400 81500 322473.525
ASFV 81500 81600 599760.355
ASFV 81600 81700 762628.23
ASFV 81700 81800 928840.365
ASFV 81800 81900 643490.645
ASFV 81900 82000 464692.54
ASFV 82000 82100 350403.435
ASFV 82100 82200 345164.375
ASFV 82200 82300 336592.265
ASFV 82300 82400 270455.5575
ASFV 82400 82500 204129.4175
ASFV 82500 82600 190276.7075
ASFV 82600 82700 368251.8525
ASFV 82700 82800 658544.835
ASFV 82800 82900 818357.785
ASFV 82900 83000 827894.755
ASFV 83000 83100 763379.905
ASFV 83100 83200 746632.64
ASFV 83200 83300 1242115.13
ASFV 83300 83400 1394628.46
ASFV 83400 83500 1693534.94
ASFV 83500 83600 1161675.82
ASFV 83600 83700 1032704.71
ASFV 83700 83800 638458.615
ASFV 83800 83900 506161.255
ASFV 83900 84000 384963.565
ASFV 84000 84100 735574.475
ASFV 84100 84200 981841.215
ASFV 84200 84300 1157387.885
ASFV 84300 84400 944041.315
ASFV 84400 84500 959742.095
ASFV 84500 84600 1242529.21
ASFV 84600 84700 1796996.9
ASFV 84700 84800 1751377.27
ASFV 84800 84900 1388856.4
ASFV 84900 85000 754979.36
ASFV 85000 85100 632947.33
ASFV 85100 85200 940076.13
ASFV 85200 85300 1964665.15
ASFV 85300 85400 2269070.5
ASFV 85400 85500 1909248.4
ASFV 85500 85600 868599.82
ASFV 85600 85700 469967.0325
ASFV 85700 85800 502147.48
ASFV 85800 85900 751481.7475
ASFV 85900 86000 1022108.375
ASFV 86000 86100 1015667.145
ASFV 86100 86200 869326.96
ASFV 86200 86300 674824.63
ASFV 86300 86400 808009.91
ASFV 86400 86500 867090.21
ASFV 86500 86600 919516.7575
ASFV 86600 86700 740854.8725
ASFV 86700 86800 709396.19
ASFV 86800 86900 1497260.64
ASFV 86900 87000 1780450.05
ASFV 87000 87100 2207213.65
ASFV 87100 87200 2274411.0
ASFV 87200 87300 3288745.8
ASFV 87300 87400 4001120.58
ASFV 87400 87500 5764367.04
ASFV 87500 87600 5485434.72
ASFV 87600 87700 4792844.96
ASFV 87700 87800 3639386.9
ASFV 87800 87900 5001147.34
ASFV 87900 88000 5663232.24
ASFV 88000 88100 4630320.18
ASFV 88100 88200 2878587.08
ASFV 88200 88300 2658107.86
ASFV 88300 88400 3024091.38
ASFV 88400 88500 2768803.66
ASFV 88500 88600 2294675.08
ASFV 88600 88700 1631897.48
ASFV 88700 88800 1323567.15
ASFV 88800 88900 668863.17
ASFV 88900 89000 592851.915
ASFV 89000 89100 760467.325
ASFV 89100 89200 762444.54
ASFV 89200 89300 793926.39
ASFV 89300 89400 845595.25
ASFV 89400 89500 726996.32
ASFV 89500 89600 534979.35
ASFV 89600 89700 351107.84
ASFV 89700 89800 335550.3
ASFV 89800 89900 340452.17
ASFV 89900 90000 225192.22
ASFV 90000 90100 180236.475
ASFV 90100 90200 188068.575
ASFV 90200 90300 259012.25
ASFV 90300 90400 284592.04125
ASFV 90400 90500 232142.19375
ASFV 90500 90600 236534.51875
ASFV 90600 90700 262250.41625
ASFV 90700 90800 243543.81375
ASFV 90800 90900 250375.14625
ASFV 90900 91000 205922.82
ASFV 91000 91100 176133.93
ASFV 91100 91200 148760.535
ASFV 91200 91300 256289.1125
ASFV 91300 91400 538578.4825
ASFV 91400 91500 645290.33
ASFV 91500 91600 687812.615
ASFV 91600 91700 581527.205
ASFV 91700 91800 559327.77
ASFV 91800 91900 615625.71
ASFV 91900 92000 531433.24
ASFV 92000 92100 551537.145
ASFV 92100 92200 554834.52
ASFV 92200 92300 596261.795
ASFV 92300 92400 480439.32625
ASFV 92400 92500 336100.81625
ASFV 92500 92600 298663.8375
ASFV 92600 92700 295336.74
ASFV 92700 92800 256247.7025
ASFV 92800 92900 205929.0375
ASFV 92900 93000 174772.5
ASFV 93000 93100 188802.76
ASFV 93100 93200 180106.07
ASFV 93200 93300 221355.8525
ASFV 93300 93400 220284.5375
ASFV 93400 93500 211156.03
ASFV 93500 93600 190501.68
ASFV 93600 93700 191508.0
ASFV 93700 93800 176518.77
ASFV 93800 93900 131066.21
ASFV 93900 94000 137672.57
ASFV 94000 94100 260948.1875
ASFV 94100 94200 320466.3925
ASFV 94200 94300 268324.155
ASFV 94300 94400 139217.6159375
ASFV 94400 94500 90686.5559375
ASFV 94500 94600 117509.913125
ASFV 94600 94700 97547.91
ASFV 94700 94800 61655.497890625
ASFV 94800 94900 44511.540234375
ASFV 94900 95000 107872.24
ASFV 95000 95100 180485.12375
ASFV 95100 95200 296437.805
ASFV 95200 95300 332738.35
ASFV 95300 95400 398857.56
ASFV 95400 95500 315517.48
ASFV 95500 95600 285272.7725
ASFV 95600 95700 238612.4125
ASFV 95700 95800 215980.775
ASFV 95800 95900 297390.87
ASFV 95900 96000 356394.25
ASFV 96000 96100 463769.04
ASFV 96100 96200 365386.6075
ASFV 96200 96300 262072.8725
ASFV 96300 96400 296627.23
ASFV 96400 96500 637434.555
ASFV 96500 96600 849401.63
ASFV 96600 96700 1022439.845
ASFV 96700 96800 1231607.01
ASFV 96800 96900 1426666.43
ASFV 96900 97000 1381888.28
ASFV 97000 97100 1106791.46
ASFV 97100 97200 917048.0725
ASFV 97200 97300 887590.8075
ASFV 97300 97400 888022.905
ASFV 97400 97500 855522.775
ASFV 97500 97600 779831.165
ASFV 97600 97700 1127386.605
ASFV 97700 97800 1310690.32
ASFV 97800 97900 1469070.97
ASFV 97900 98000 1120282.9
ASFV 98000 98100 935074.11
ASFV 98100 98200 766039.43125
ASFV 98200 98300 961396.74625
ASFV 98300 98400 1114178.02125
ASFV 98400 98500 1367493.14375
ASFV 98500 98600 1401565.13
ASFV 98600 98700 1441517.39375
ASFV 98700 98800 1177280.93875
ASFV 98800 98900 967448.03875
ASFV 98900 99000 732602.56
ASFV 99000 99100 901727.56375
ASFV 99100 99200 1342891.6475
ASFV 99200 99300 1937214.5525
ASFV 99300 99400 1897146.19
ASFV 99400 99500 1259001.62125
ASFV 99500 99600 649451.9090625
ASFV 99600 99700 484217.7484375
ASFV 99700 99800 733733.15125
ASFV 99800 99900 879511.6525
ASFV 99900 100000 941680.69875
ASFV 100000 100100 726488.8125
ASFV 100100 100200 713015.12375
ASFV 100200 100300 782413.835
ASFV 100300 100400 775931.470625
ASFV 100400 100500 943409.1725
ASFV 100500 100600 1079376.095625
ASFV 100600 100700 1488468.1625
ASFV 100700 100800 1377664.56625
ASFV 100800 100900 1230163.2925
ASFV 100900 101000 839957.87375
ASFV 101000 101100 972120.41
ASFV 101100 101200 814317.45375
ASFV 101200 101300 803982.88
ASFV 101300 101400 516086.00125
ASFV 101400 101500 718269.0525
ASFV 101500 101600 888095.39875
ASFV 101600 101700 993820.3675
ASFV 101700 101800 1298605.0775
ASFV 101800 101900 1185254.3725
ASFV 101900 102000 967030.25375
ASFV 102000 102100 414287.735625
ASFV 102100 102200 651532.68
ASFV 102200 102300 779039.43875
ASFV 102300 102400 1030750.599375
ASFV 102400 102500 1232736.1475
ASFV 102500 102600 1443756.80875
ASFV 102600 102700 1424480.84375
ASFV 102700 102800 994483.304375
ASFV 102800 102900 766720.30125
ASFV 102900 103000 977398.773125
ASFV 103000 103100 1315104.655
ASFV 103100 103200 1363341.53375
ASFV 103200 103300 1019424.7825
ASFV 103300 103400 1009145.2325
ASFV 103400 103500 1076351.228125
ASFV 103500 103600 1054279.738125
ASFV 103600 103700 1055476.735625
ASFV 103700 103800 1037598.893125
ASFV 103800 103900 1127358.43625
ASFV 103900 104000 962249.784375
ASFV 104000 104100 846811.80375
ASFV 104100 104200 839064.123125
ASFV 104200 104300 906646.74875
ASFV 104300 104400 925133.123125
ASFV 104400 104500 728180.383125
ASFV 104500 104600 596596.385
ASFV 104600 104700 587343.40625
ASFV 104700 104800 1218697.49875
ASFV 104800 104900 1415323.45125
ASFV 104900 105000 1696384.81875
ASFV 105000 105100 1253293.61875
ASFV 105100 105200 922562.3975
ASFV 105200 105300 906643.9075
ASFV 105300 105400 1149023.31375
ASFV 105400 105500 1616161.65875
ASFV 105500 105600 1326269.70625
ASFV 105600 105700 973374.895
ASFV 105700 105800 723846.9325
ASFV 105800 105900 856354.62375
ASFV 105900 106000 915640.57
ASFV 106000 106100 811283.605
ASFV 106100 106200 990662.08125
ASFV 106200 106300 1182518.8325
ASFV 106300 106400 1110641.9125
ASFV 106400 106500 981949.4775
ASFV 106500 106600 1105824.3575
ASFV 106600 106700 1248552.83
ASFV 106700 106800 1509234.83
ASFV 106800 106900 1610104.1875
ASFV 106900 107000 1538655.47
ASFV 107000 107100 1154545.045625
ASFV 107100 107200 829812.346875
ASFV 107200 107300 1407332.8025
ASFV 107300 107400 1520321.6625
ASFV 107400 107500 1692583.03875
ASFV 107500 107600 1775406.31625
ASFV 107600 107700 1805321.2225
ASFV 107700 107800 1525907.78
ASFV 107800 107900 849521.54125
ASFV 107900 108000 2147392.75125
ASFV 108000 108100 7070057.01
ASFV 108100 108200 14213629.7
ASFV 108200 108300 16071641.38
ASFV 108300 108400 13038581.47
ASFV 108400 108500 7696845.325
ASFV 108500 108600 4578950.695
ASFV 108600 108700 2833731.4825
ASFV 108700 108800 1338927.2325
ASFV 108800 108900 1425351.11
ASFV 108900 109000 1209508.17
ASFV 109000 109100 1297414.85
ASFV 109100 109200 1331406.135
ASFV 109200 109300 1256390.195
ASFV 109300 109400 1039670.5125
ASFV 109400 109500 1305849.60875
ASFV 109500 109600 1997838.03375
ASFV 109600 109700 2550066.715
ASFV 109700 109800 2591054.4
ASFV 109800 109900 2073018.0225
ASFV 109900 110000 1819577.2525
ASFV 110000 110100 1504678.39625
ASFV 110100 110200 1289000.3375
ASFV 110200 110300 789701.1925
ASFV 110300 110400 1085325.04625
ASFV 110400 110500 3073991.51
ASFV 110500 110600 8496874.4975
ASFV 110600 110700 14396325.95
ASFV 110700 110800 20605432.44
ASFV 110800 110900 29094791.62
ASFV 110900 111000 31691406.8
ASFV 111000 111100 28521979.48
ASFV 111100 111200 19179557.03
ASFV 111200 111300 12464895.59
ASFV 111300 111400 10536264.66
ASFV 111400 111500 8718993.065
ASFV 111500 111600 6960518.47
ASFV 111600 111700 3951554.5025
ASFV 111700 111800 2055695.2675
ASFV 111800 111900 1691169.8
ASFV 111900 112000 1490935.575
ASFV 112000 112100 2368023.87
ASFV 112100 112200 4020004.9
ASFV 112200 112300 4815896.54
ASFV 112300 112400 5155362.83
ASFV 112400 112500 4771147.855
ASFV 112500 112600 6364805.655
ASFV 112600 112700 7049800.125
ASFV 112700 112800 6648005.15
ASFV 112800 112900 6018157.26
ASFV 112900 113000 5298372.745
ASFV 113000 113100 4632270.55
ASFV 113100 113200 2470972.70375
ASFV 113200 113300 923555.1684375
ASFV 113300 113400 413794.865
ASFV 113400 113500 323660.2828125
ASFV 113500 113600 276265.7190625
ASFV 113600 113700 269709.60375
ASFV 113700 113800 302663.98625
ASFV 113800 113900 424907.971875
ASFV 113900 114000 519717.6990625
ASFV 114000 114100 531641.871875
ASFV 114100 114200 440101.278125
ASFV 114200 114300 337961.2409375
ASFV 114300 114400 343521.4690625
ASFV 114400 114500 349808.35
ASFV 114500 114600 329960.6596875
ASFV 114600 114700 249944.535625
ASFV 114700 114800 250185.7646875
ASFV 114800 114900 273082.3421875
ASFV 114900 115000 575255.1090625
ASFV 115000 115100 672546.63875
ASFV 115100 115200 659638.47625
ASFV 115200 115300 392662.535
ASFV 115300 115400 325775.13875
ASFV 115400 115500 371800.89
ASFV 115500 115600 423941.6165625
ASFV 115600 115700 376106.051875
ASFV 115700 115800 396880.39
ASFV 115800 115900 442408.7315625
ASFV 115900 116000 464235.33
ASFV 116000 116100 482817.866875
ASFV 116100 116200 449978.72875
ASFV 116200 116300 576899.285625
ASFV 116300 116400 534823.96875
ASFV 116400 116500 511850.3403125
ASFV 116500 116600 307595.1796875
ASFV 116600 116700 265204.3871875
ASFV 116700 116800 412163.9959375
ASFV 116800 116900 803901.256875
ASFV 116900 117000 932485.6
ASFV 117000 117100 1023803.993125
ASFV 117100 117200 836246.133125
ASFV 117200 117300 776905.42625
ASFV 117300 117400 532766.7496875
ASFV 117400 117500 378456.1884375
ASFV 117500 117600 295361.8346875
ASFV 117600 117700 354787.0121875
ASFV 117700 117800 580026.66375
ASFV 117800 117900 618829.83625
ASFV 117900 118000 565319.940625
ASFV 118000 118100 451013.181875
ASFV 118100 118200 542137.8625
ASFV 118200 118300 664451.38125
ASFV 118300 118400 774281.43375
ASFV 118400 118500 966317.54625
ASFV 118500 118600 1011013.91875
ASFV 118600 118700 1082420.085
ASFV 118700 118800 1173012.795
ASFV 118800 118900 1145555.925
ASFV 118900 119000 990901.425
ASFV 119000 119100 678062.7175
ASFV 119100 119200 542521.259375
ASFV 119200 119300 672505.45625
ASFV 119300 119400 948106.5325
ASFV 119400 119500 1030477.158125
ASFV 119500 119600 861250.215
ASFV 119600 119700 755950.52
ASFV 119700 119800 875826.496875
ASFV 119800 119900 856739.435625
ASFV 119900 120000 783042.8525
ASFV 120000 120100 650717.22
ASFV 120100 120200 680702.883125
ASFV 120200 120300 650003.9175
ASFV 120300 120400 701076.168125
ASFV 120400 120500 684700.238125
ASFV 120500 120600 634033.57
ASFV 120600 120700 996319.330625
ASFV 120700 120800 2123700.43625
ASFV 120800 120900 2902557.305
ASFV 120900 121000 3017515.2475
ASFV 121000 121100 2645157.62
ASFV 121100 121200 2749723.385
ASFV 121200 121300 3732287.815
ASFV 121300 121400 3910589.7875
ASFV 121400 121500 3343635.235
ASFV 121500 121600 2173724.0275
ASFV 121600 121700 1377727.0575
ASFV 121700 121800 1185730.86375
ASFV 121800 121900 965126.02375
ASFV 121900 122000 833198.9
ASFV 122000 122100 590552.0925
ASFV 122100 122200 376937.6534375
ASFV 122200 122300 222128.549375
ASFV 122300 122400 272595.4384375
ASFV 122400 122500 823885.32125
ASFV 122500 122600 1131227.7125
ASFV 122600 122700 1202972.89875
ASFV 122700 122800 826068.53625
ASFV 122800 122900 688998.086875
ASFV 122900 123000 818397.820625
ASFV 123000 123100 843626.7975
ASFV 123100 123200 977494.0075
ASFV 123200 123300 739765.58375
ASFV 123300 123400 550058.748125
ASFV 123400 123500 357393.265625
ASFV 123500 123600 409633.398125
ASFV 123600 123700 537455.231875
ASFV 123700 123800 506888.0
ASFV 123800 123900 452925.171875
ASFV 123900 124000 354159.758125
ASFV 124000 124100 371068.3190625
ASFV 124100 124200 439627.8221875
ASFV 124200 124300 489797.29625
ASFV 124300 124400 543338.25
ASFV 124400 124500 493599.430625
ASFV 124500 124600 541745.5025
ASFV 124600 124700 454474.8665625
ASFV 124700 124800 447443.501875
ASFV 124800 124900 439000.2790625
ASFV 124900 125000 506958.854375
ASFV 125000 125100 493770.9465625
ASFV 125100 125200 462047.95
ASFV 125200 125300 484584.8759375
ASFV 125300 125400 566329.369375
ASFV 125400 125500 626555.285625
ASFV 125500 125600 827240.60375
ASFV 125600 125700 938563.876875
ASFV 125700 125800 895662.421875
ASFV 125800 125900 638994.3121875
ASFV 125900 126000 472517.1203125
ASFV 126000 126100 480646.59
ASFV 126100 126200 627623.7975
ASFV 126200 126300 603350.9165625
ASFV 126300 126400 486681.893125
ASFV 126400 126500 303559.32625
ASFV 126500 126600 435014.65625
ASFV 126600 126700 599417.1228125
ASFV 126700 126800 763456.860625
ASFV 126800 126900 514839.775
ASFV 126900 127000 299810.6753125
ASFV 127000 127100 240310.020625
ASFV 127100 127200 605228.9471875
ASFV 127200 127300 2932718.99375
ASFV 127300 127400 4329465.7425
ASFV 127400 127500 4137631.66
ASFV 127500 127600 1795238.364375
ASFV 127600 127700 435010.32375
ASFV 127700 127800 484043.1609375
ASFV 127800 127900 545595.0978125
ASFV 127900 128000 412658.3378125
ASFV 128000 128100 302825.2928125
ASFV 128100 128200 306321.0234375
ASFV 128200 128300 589445.0215625
ASFV 128300 128400 916775.2775
ASFV 128400 128500 1136980.585
ASFV 128500 128600 1065138.32
ASFV 128600 128700 1046378.9
ASFV 128700 128800 949601.2525
ASFV 128800 128900 940706.83125
ASFV 128900 129000 742755.03375
ASFV 129000 129100 620293.6675
ASFV 129100 129200 404172.0828125
ASFV 129200 129300 241440.5103125
ASFV 129300 129400 104916.447734375
ASFV 129400 129500 90702.839140625
ASFV 129500 129600 163979.13
ASFV 129600 129700 180046.88
ASFV 129700 129800 183895.0946875
ASFV 129800 129900 121285.124375
ASFV 129900 130000 144508.6425
ASFV 130000 130100 169358.9384375
ASFV 130100 130200 232812.6790625
ASFV 130200 130300 388040.36375
ASFV 130300 130400 458288.7971875
ASFV 130400 130500 404024.34375
ASFV 130500 130600 214852.834375
ASFV 130600 130700 151994.215
ASFV 130700 130800 235144.955625
ASFV 130800 130900 382498.07125
ASFV 130900 131000 633548.2025
ASFV 131000 131100 815685.0525
ASFV 131100 131200 840607.81875
ASFV 131200 131300 833678.45125
ASFV 131300 131400 795273.22125
ASFV 131400 131500 791055.42125
ASFV 131500 131600 664778.4175
ASFV 131600 131700 599295.815
ASFV 131700 131800 510482.77375
ASFV 131800 131900 578774.4725
ASFV 131900 132000 645302.13375
ASFV 132000 132100 654039.725
ASFV 132100 132200 606136.14375
ASFV 132200 132300 575231.39125
ASFV 132300 132400 633231.4875
ASFV 132400 132500 755050.6375
ASFV 132500 132600 752383.885
ASFV 132600 132700 712954.50875
ASFV 132700 132800 569749.63125
ASFV 132800 132900 489650.8
ASFV 132900 133000 458272.425625
ASFV 133000 133100 437691.936875
ASFV 133100 133200 497811.27625
ASFV 133200 133300 546315.89875
ASFV 133300 133400 608735.095
ASFV 133400 133500 497509.3275
ASFV 133500 133600 344785.521875
ASFV 133600 133700 207394.00875
ASFV 133700 133800 319531.19375
ASFV 133800 133900 595859.275625
ASFV 133900 134000 757418.685
ASFV 134000 134100 688996.6775
ASFV 134100 134200 489848.939375
ASFV 134200 134300 560997.161875
ASFV 134300 134400 746724.325
ASFV 134400 134500 930862.2675
ASFV 134500 134600 843307.08875
ASFV 134600 134700 646859.0275
ASFV 134700 134800 657849.23
ASFV 134800 134900 741319.4125
ASFV 134900 135000 902775.33625
ASFV 135000 135100 832272.56
ASFV 135100 135200 850624.07875
ASFV 135200 135300 701224.15375
ASFV 135300 135400 622844.88375
ASFV 135400 135500 1045086.2525
ASFV 135500 135600 2115290.6
ASFV 135600 135700 2717303.3
ASFV 135700 135800 2543678.57
ASFV 135800 135900 1624903.06
ASFV 135900 136000 1386740.345
ASFV 136000 136100 1694638.3225
ASFV 136100 136200 1851559.3725
ASFV 136200 136300 1457411.04375
ASFV 136300 136400 670488.1625
ASFV 136400 136500 456061.378125
ASFV 136500 136600 851645.135625
ASFV 136600 136700 2275636.97
ASFV 136700 136800 2893221.665
ASFV 136800 136900 2775770.63
ASFV 136900 137000 2101594.8
ASFV 137000 137100 3445131.325
ASFV 137100 137200 4369803.45
ASFV 137200 137300 4352479.395
ASFV 137300 137400 2579097.845
ASFV 137400 137500 1522184.205
ASFV 137500 137600 1131282.47
ASFV 137600 137700 1190250.375
ASFV 137700 137800 1384064.045
ASFV 137800 137900 1628173.025
ASFV 137900 138000 1782524.845
ASFV 138000 138100 1869798.38
ASFV 138100 138200 1775744.145
ASFV 138200 138300 1712789.43
ASFV 138300 138400 1697426.765
ASFV 138400 138500 1493721.445
ASFV 138500 138600 1351294.85
ASFV 138600 138700 1193153.995
ASFV 138700 138800 1360711.44
ASFV 138800 138900 1659956.845
ASFV 138900 139000 2003049.3325
ASFV 139000 139100 1791283.4425
ASFV 139100 139200 1210848.9225
ASFV 139200 139300 665095.179375
ASFV 139300 139400 581420.798125
ASFV 139400 139500 838044.3775
ASFV 139500 139600 841605.15625
ASFV 139600 139700 682573.62375
ASFV 139700 139800 427723.02875
ASFV 139800 139900 489837.28875
ASFV 139900 140000 593242.7
ASFV 140000 140100 571241.438125
ASFV 140100 140200 422315.06625
ASFV 140200 140300 292950.955625
ASFV 140300 140400 245899.83
ASFV 140400 140500 214163.395625
ASFV 140500 140600 213047.270625
ASFV 140600 140700 289354.6275
ASFV 140700 140800 333531.79625
ASFV 140800 140900 354680.64
ASFV 140900 141000 380417.298125
ASFV 141000 141100 434634.524375
ASFV 141100 141200 421930.3675
ASFV 141200 141300 322701.2525
ASFV 141300 141400 265145.2775
ASFV 141400 141500 207524.32875
ASFV 141500 141600 181547.759375
ASFV 141600 141700 117808.504375
ASFV 141700 141800 216247.315
ASFV 141800 141900 224771.7
ASFV 141900 142000 279879.77625
ASFV 142000 142100 201331.91375
ASFV 142100 142200 225769.39
ASFV 142200 142300 239464.81
ASFV 142300 142400 206251.424375
ASFV 142400 142500 204653.118125
ASFV 142500 142600 194962.3775
ASFV 142600 142700 204448.979375
ASFV 142700 142800 192055.62125
ASFV 142800 142900 216747.479375
ASFV 142900 143000 238958.739375
ASFV 143000 143100 264568.21
ASFV 143100 143200 261989.9525
ASFV 143200 143300 268034.228125
ASFV 143300 143400 201151.49375
ASFV 143400 143500 139412.96625
ASFV 143500 143600 109076.6190625
ASFV 143600 143700 154647.8440625
ASFV 143700 143800 243318.838125
ASFV 143800 143900 306785.78125
ASFV 143900 144000 266666.733125
ASFV 144000 144100 187565.356875
ASFV 144100 144200 165167.68
ASFV 144200 144300 165111.25
ASFV 144300 144400 157356.2
ASFV 144400 144500 161796.13
ASFV 144500 144600 144246.68
ASFV 144600 144700 679377.175
ASFV 144700 144800 1979552.93
ASFV 144800 144900 2418327.91
ASFV 144900 145000 2437070.755
ASFV 145000 145100 1652986.0875
ASFV 145100 145200 1584579.0075
ASFV 145200 145300 1369006.465
ASFV 145300 145400 1010541.10125
ASFV 145400 145500 833631.01
ASFV 145500 145600 664287.11
ASFV 145600 145700 1030678.95875
ASFV 145700 145800 1214844.165
ASFV 145800 145900 1098953.8375
ASFV 145900 146000 628406.6375
ASFV 146000 146100 355396.78875
ASFV 146100 146200 324956.81375
ASFV 146200 146300 315174.149375
ASFV 146300 146400 327155.929375
ASFV 146400 146500 359673.895
ASFV 146500 146600 467998.886875
ASFV 146600 146700 483177.410625
ASFV 146700 146800 463541.119375
ASFV 146800 146900 388438.565625
ASFV 146900 147000 453764.63
ASFV 147000 147100 451509.001875
ASFV 147100 147200 394737.325625
ASFV 147200 147300 260604.974375
ASFV 147300 147400 221480.208125
ASFV 147400 147500 308952.4575
ASFV 147500 147600 370622.71375
ASFV 147600 147700 412153.59
ASFV 147700 147800 385623.576875
ASFV 147800 147900 344737.951875
ASFV 147900 148000 367227.75625
ASFV 148000 148100 339783.12125
ASFV 148100 148200 322929.19375
ASFV 148200 148300 265174.93625
ASFV 148300 148400 309017.55
ASFV 148400 148500 511844.35375
ASFV 148500 148600 573372.5
ASFV 148600 148700 521840.04875
ASFV 148700 148800 339658.7825
ASFV 148800 148900 263191.93875
ASFV 148900 149000 191883.79
ASFV 149000 149100 145936.555625
ASFV 149100 149200 210578.934375
ASFV 149200 149300 300972.34
ASFV 149300 149400 308404.8575
ASFV 149400 149500 351489.615
ASFV 149500 149600 892563.5725
ASFV 149600 149700 2839699.895
ASFV 149700 149800 4887385.25
ASFV 149800 149900 5852100.0
ASFV 149900 150000 5060734.305
ASFV 150000 150100 3394936.65
ASFV 150100 150200 2298052.335
ASFV 150200 150300 1740316.665
ASFV 150300 150400 1890449.955
ASFV 150400 150500 2237958.61
ASFV 150500 150600 2033817.79
ASFV 150600 150700 1711821.6675
ASFV 150700 150800 1410526.7275
ASFV 150800 150900 2389673.21
ASFV 150900 151000 4466614.625
ASFV 151000 151100 5737724.72
ASFV 151100 151200 4688343.305
ASFV 151200 151300 2765769.3875
ASFV 151300 151400 2033835.3675
ASFV 151400 151500 2664971.825
ASFV 151500 151600 3528501.07
ASFV 151600 151700 4827446.245
ASFV 151700 151800 6925178.6
ASFV 151800 151900 7660210.86
ASFV 151900 152000 6719083.78
ASFV 152000 152100 4915463.12
ASFV 152100 152200 4093059.71
ASFV 152200 152300 3910844.54
ASFV 152300 152400 3482112.465
ASFV 152400 152500 2424609.97
ASFV 152500 152600 1241013.2725
ASFV 152600 152700 449007.78625
ASFV 152700 152800 581559.75375
ASFV 152800 152900 1787938.4125
ASFV 152900 153000 2618252.45
ASFV 153000 153100 2867680.155
ASFV 153100 153200 2065397.8775
ASFV 153200 153300 1655685.8625
ASFV 153300 153400 1894564.16
ASFV 153400 153500 1650159.545
ASFV 153500 153600 1277103.93
ASFV 153600 153700 407669.27625
ASFV 153700 153800 229424.763125
ASFV 153800 153900 157601.973125
ASFV 153900 154000 329373.2275
ASFV 154000 154100 438766.6775
ASFV 154100 154200 456792.520625
ASFV 154200 154300 337708.261875
ASFV 154300 154400 344720.4025
ASFV 154400 154500 999689.7475
ASFV 154500 154600 1275330.39
ASFV 154600 154700 1292580.2525
ASFV 154700 154800 749113.01
ASFV 154800 154900 535109.3975
ASFV 154900 155000 455516.745625
ASFV 155000 155100 606047.254375
ASFV 155100 155200 5443376.8
ASFV 155200 155300 14015177.94
ASFV 155300 155400 16375651.12
ASFV 155400 155500 12898451.7
ASFV 155500 155600 5147847.55
ASFV 155600 155700 3526148.33
ASFV 155700 155800 3482758.5
ASFV 155800 155900 3525653.085
ASFV 155900 156000 2831968.3
ASFV 156000 156100 1918283.315
ASFV 156100 156200 1578715.47
ASFV 156200 156300 1400766.955
ASFV 156300 156400 1288771.4475
ASFV 156400 156500 1020926.2975
ASFV 156500 156600 676212.7425
ASFV 156600 156700 298438.6475
ASFV 156700 156800 156986.16
ASFV 156800 156900 165919.12
ASFV 156900 157000 320019.54375
ASFV 157000 157100 1477299.80625
ASFV 157100 157200 2753130.21
ASFV 157200 157300 3709054.135
ASFV 157300 157400 3507227.485
ASFV 157400 157500 3884747.04
ASFV 157500 157600 3333649.51
ASFV 157600 157700 2562530.56
ASFV 157700 157800 983389.13
ASFV 157800 157900 648374.39
ASFV 157900 158000 545809.63
ASFV 158000 158100 449451.97
ASFV 158100 158200 230007.85875
ASFV 158200 158300 290523.8825
ASFV 158300 158400 820782.13875
ASFV 158400 158500 1306161.315
ASFV 158500 158600 1299453.8775
ASFV 158600 158700 820012.45625
ASFV 158700 158800 531812.06875
ASFV 158800 158900 669342.5825
ASFV 158900 159000 732442.6575
ASFV 159000 159100 918983.655
ASFV 159100 159200 1154982.1225
ASFV 159200 159300 1386345.985
ASFV 159300 159400 1526642.505
ASFV 159400 159500 1236819.485
ASFV 159500 159600 981592.31625
ASFV 159600 159700 619236.77875
ASFV 159700 159800 834865.3275
ASFV 159800 159900 1340777.2025
ASFV 159900 160000 1568498.22
ASFV 160000 160100 1666903.6525
ASFV 160100 160200 1441357.2825
ASFV 160200 160300 1293114.04
ASFV 160300 160400 1006597.7375
ASFV 160400 160500 904770.355
ASFV 160500 160600 857491.26375
ASFV 160600 160700 691456.33375
ASFV 160700 160800 598614.88125
ASFV 160800 160900 583717.655
ASFV 160900 161000 973601.06625
ASFV 161000 161100 1393009.62
ASFV 161100 161200 1763594.2925
ASFV 161200 161300 1563851.13
ASFV 161300 161400 1445503.28
ASFV 161400 161500 1461937.04
ASFV 161500 161600 1286424.385
ASFV 161600 161700 999925.60875
ASFV 161700 161800 746674.08875
ASFV 161800 161900 1053445.11
ASFV 161900 162000 1566793.2325
ASFV 162000 162100 1803561.29
ASFV 162100 162200 1940215.3025
ASFV 162200 162300 2088965.49
ASFV 162300 162400 1787711.4625
ASFV 162400 162500 1262457.58875
ASFV 162500 162600 1560408.66625
ASFV 162600 162700 2358652.29
ASFV 162700 162800 2518871.665
ASFV 162800 162900 2181119.1175
ASFV 162900 163000 2417686.7875
ASFV 163000 163100 3643410.95
ASFV 163100 163200 4093975.92
ASFV 163200 163300 2880656.225
ASFV 163300 163400 1625287.6675
ASFV 163400 163500 805760.23
ASFV 163500 163600 1159065.66
ASFV 163600 163700 1107598.6075
ASFV 163700 163800 842537.6275
ASFV 163800 163900 483399.3065625
ASFV 163900 164000 497066.8371875
ASFV 164000 164100 479279.0803125
ASFV 164100 164200 434595.9090625
ASFV 164200 164300 514523.104375
ASFV 164300 164400 605866.815
ASFV 164400 164500 666091.13
ASFV 164500 164600 510807.0334375
ASFV 164600 164700 520481.4040625
ASFV 164700 164800 1782290.2975
ASFV 164800 164900 4324069.93
ASFV 164900 165000 5691091.755
ASFV 165000 165100 4697445.17
ASFV 165100 165200 2148987.435
ASFV 165200 165300 728504.3809375
ASFV 165300 165400 432646.7940625
ASFV 165400 165500 425035.2309375
ASFV 165500 165600 463933.415625
ASFV 165600 165700 606448.4121875
ASFV 165700 165800 943793.86625
ASFV 165800 165900 1382820.26875
ASFV 165900 166000 1902594.86375
ASFV 166000 166100 2078409.595
ASFV 166100 166200 1857273.2925
ASFV 166200 166300 1627843.26875
ASFV 166300 166400 1378712.46125
ASFV 166400 166500 1186968.99375
ASFV 166500 166600 953532.28375
ASFV 166600 166700 866628.41
ASFV 166700 166800 743430.0225
ASFV 166800 166900 502597.5503125
ASFV 166900 167000 424758.5346875
ASFV 167000 167100 877855.3125
ASFV 167100 167200 1458184.9725
ASFV 167200 167300 1685623.375
ASFV 167300 167400 1569638.6025
ASFV 167400 167500 1524903.84625
ASFV 167500 167600 1893801.42875
ASFV 167600 167700 1877933.3425
ASFV 167700 167800 1420901.61625
ASFV 167800 167900 746842.71
ASFV 167900 168000 628877.38375
ASFV 168000 168100 823644.338125
ASFV 168100 168200 817714.046875
ASFV 168200 168300 616928.124375
ASFV 168300 168400 420176.606875
ASFV 168400 168500 361279.73375
ASFV 168500 168600 305126.683125
ASFV 168600 168700 208530.8196875
ASFV 168700 168800 216285.6775
ASFV 168800 168900 222017.4096875
ASFV 168900 169000 225601.9228125
ASFV 169000 169100 206287.1925
ASFV 169100 169200 200848.2390625
ASFV 169200 169300 224404.7446875
ASFV 169300 169400 229426.153125
ASFV 169400 169500 223768.4378125
ASFV 169500 169600 241835.8746875
ASFV 169600 169700 276233.1453125
ASFV 169700 169800 271333.1540625
ASFV 169800 169900 184307.939375
ASFV 169900 170000 80084.0652734375
ASFV 170000 170100 17857.3031640625
ASFV 170100 170101 9471.7998046875
