ASFV 0 100 449.0160009765625
ASFV 100 200 5444.316850585938
ASFV 200 300 22303.46296875
ASFV 300 400 37004.0621875
ASFV 400 500 36094.339375
ASFV 500 600 31725.786875
ASFV 600 700 44129.85203125
ASFV 700 800 34316.98359375
ASFV 800 900 16192.63765625
ASFV 900 1000 14298.3521875
ASFV 1000 1100 21650.9909375
ASFV 1100 1200 37913.78828125
ASFV 1200 1300 43706.56234375
ASFV 1300 1400 34253.84109375
ASFV 1400 1500 38397.88515625
ASFV 1500 1600 150815.45515625
ASFV 1600 1700 315901.2875
ASFV 1700 1800 357290.28
ASFV 1800 1900 395816.6975
ASFV 1900 2000 525680.445
ASFV 2000 2100 505636.14375
ASFV 2100 2200 232302.47375
ASFV 2200 2300 75397.24875
ASFV 2300 2400 113329.6375
ASFV 2400 2500 319229.1025
ASFV 2500 2600 434172.43
ASFV 2600 2700 300253.46125
ASFV 2700 2800 115993.36625
ASFV 2800 2900 154826.3325
ASFV 2900 3000 260415.01
ASFV 3000 3100 389481.31
ASFV 3100 3200 340230.015
ASFV 3200 3300 158219.5484375
ASFV 3300 3400 56133.9946875
ASFV 3400 3500 7130.467265625
ASFV 3500 3600 12658.976875
ASFV 3600 3700 36559.7253125
ASFV 3700 3800 54992.7675
ASFV 3800 3900 50462.85125
ASFV 3900 4000 33063.48
ASFV 4000 4100 65806.57125
ASFV 4100 4200 101171.31625
ASFV 4200 4300 93809.1378125
ASFV 4300 4400 59988.0696875
ASFV 4400 4500 25986.800390625
ASFV 4500 4600 12483.5795703125
ASFV 4600 4700 10306.3177734375
ASFV 4700 4800 51007.735234375
ASFV 4800 4900 96809.5375
ASFV 4900 5000 99681.400625
ASFV 5000 5100 90125.82875
ASFV 5100 5200 81847.149375
ASFV 5200 5300 219267.12375
ASFV 5300 5400 421684.345
ASFV 5400 5500 328080.87375
ASFV 5500 5600 71365.44
ASFV 5600 5700 76660.0875
ASFV 5700 5800 91903.31625
ASFV 5800 5900 58736.895859375
ASFV 5900 6000 9359.1770703125
ASFV 6000 6100 3804.94302734375
ASFV 6100 6200 32771.15259765625
ASFV 6200 6300 94120.3134375
ASFV 6300 6400 126019.0425
ASFV 6400 6500 110930.401875
ASFV 6500 6600 104775.030625
ASFV 6600 6700 119019.67
ASFV 6700 6800 178406.54
ASFV 6800 6900 290655.7775
ASFV 6900 7000 323606.925
ASFV 7000 7100 205450.5
ASFV 7100 7200 94183.3925
ASFV 7200 7300 175174.56
ASFV 7300 7400 1169243.64125
ASFV 7400 7500 2174489.41
ASFV 7500 7600 2351476.73
ASFV 7600 7700 1853181.85
ASFV 7700 7800 1355395.48
ASFV 7800 7900 2186692.18
ASFV 7900 8000 2610746.05
ASFV 8000 8100 2929520.76
ASFV 8100 8200 4560398.32
ASFV 8200 8300 9443002.16
ASFV 8300 8400 12728272.28
ASFV 8400 8500 8519630.08
ASFV 8500 8600 3393587.08
ASFV 8600 8700 7762294.0
ASFV 8700 8800 11352992.76
ASFV 8800 8900 14230778.0
ASFV 8900 9000 14125978.96
ASFV 9000 9100 7091196.44
ASFV 9100 9200 2526492.12
ASFV 9200 9300 2447947.29
ASFV 9300 9400 3680065.23
ASFV 9400 9500 3259779.43
ASFV 9500 9600 2546756.21
ASFV 9600 9700 9966387.52
ASFV 9700 9800 13643848.72
ASFV 9800 9900 11182110.36
ASFV 9900 10000 8755196.6
ASFV 10000 10100 4866865.19
ASFV 10100 10200 495234.06
ASFV 10200 10300 280938.8
ASFV 10300 10400 279844.42
ASFV 10400 10500 400680.95
ASFV 10500 10600 2121356.3
ASFV 10600 10700 5925840.12
ASFV 10700 10800 6229174.36
ASFV 10800 10900 3447980.39
ASFV 10900 11000 2842678.47
ASFV 11000 11100 6441271.66
ASFV 11100 11200 9408640.36
ASFV 11200 11300 6648094.4
ASFV 11300 11400 859023.085
ASFV 11400 11500 857018.9775
ASFV 11500 11600 708525.6825
ASFV 11600 11700 348433.89
ASFV 11700 11800 478208.7725
ASFV 11800 11900 574125.1175
ASFV 11900 12000 807304.825
ASFV 12000 12100 1315550.965
ASFV 12100 12200 1468682.915
ASFV 12200 12300 1187071.4725
ASFV 12300 12400 904004.5475
ASFV 12400 12500 550156.51875
ASFV 12500 12600 207014.91375
ASFV 12600 12700 905028.5675
ASFV 12700 12800 3762275.32
ASFV 12800 12900 4279563.92
ASFV 12900 13000 1750085.11
ASFV 13000 13100 3753509.51
ASFV 13100 13200 8580617.66
ASFV 13200 13300 11172135.24
ASFV 13300 13400 8561355.0
ASFV 13400 13500 4032103.0
ASFV 13500 13600 1968234.48
ASFV 13600 13700 1237627.46
ASFV 13700 13800 445629.38625
ASFV 13800 13900 45649.949921875
ASFV 13900 14000 34059.735078125
ASFV 14000 14100 115897.50125
ASFV 14100 14200 536957.34
ASFV 14200 14300 1121568.9
ASFV 14300 14400 1474635.29
ASFV 14400 14500 1363485.85
ASFV 14500 14600 1057383.08
ASFV 14600 14700 780253.755
ASFV 14700 14800 470357.985
ASFV 14800 14900 270127.44
ASFV 14900 15000 541697.73
ASFV 15000 15100 844589.215
ASFV 15100 15200 660721.915
ASFV 15200 15300 240567.1946875
ASFV 15300 15400 48196.7075
ASFV 15400 15500 76833.1559375
ASFV 15500 15600 483557.155
ASFV 15600 15700 567322.0
ASFV 15700 15800 236944.6525
ASFV 15800 15900 106365.4109375
ASFV 15900 16000 144021.7690625
ASFV 16000 16100 400339.66375
ASFV 16100 16200 465896.00625
ASFV 16200 16300 522076.78
ASFV 16300 16400 588320.56
ASFV 16400 16500 470397.73875
ASFV 16500 16600 339172.87875
ASFV 16600 16700 499878.38875
ASFV 16700 16800 472422.90375
ASFV 16800 16900 217162.19375
ASFV 16900 17000 124725.78625
ASFV 17000 17100 117681.8475
ASFV 17100 17200 217134.2025
ASFV 17200 17300 642092.46
ASFV 17300 17400 858560.185
ASFV 17400 17500 624566.82
ASFV 17500 17600 202515.56
ASFV 17600 17700 48304.29875
ASFV 17700 17800 54150.8634375
ASFV 17800 17900 71505.7940625
ASFV 17900 18000 57506.789375
ASFV 18000 18100 53353.39046875
ASFV 18100 18200 44868.85921875
ASFV 18200 18300 38486.75109375
ASFV 18300 18400 58594.24859375
ASFV 18400 18500 53493.709375
ASFV 18500 18600 26253.40375
ASFV 18600 18700 18893.751875
ASFV 18700 18800 38589.65125
ASFV 18800 18900 57506.78828125
ASFV 18900 19000 51122.34296875
ASFV 19000 19100 46643.87640625
ASFV 19100 19200 44651.36796875
ASFV 19200 19300 58418.83125
ASFV 19300 19400 1355236.94125
ASFV 19400 19500 4206109.56
ASFV 19500 19600 6070779.34
ASFV 19600 19700 6692550.92
ASFV 19700 19800 6655839.52
ASFV 19800 19900 6391212.62
ASFV 19900 20000 6691304.54
ASFV 20000 20100 5719564.95
ASFV 20100 20200 3294477.45
ASFV 20200 20300 1862463.48
ASFV 20300 20400 892963.54
ASFV 20400 20500 905021.705
ASFV 20500 20600 1311428.425
ASFV 20600 20700 1120778.14
ASFV 20700 20800 951995.31
ASFV 20800 20900 1143540.56
ASFV 20900 21000 1169835.9
ASFV 21000 21100 847746.38
ASFV 21100 21200 638168.29
ASFV 21200 21300 458655.5325
ASFV 21300 21400 159943.089375
ASFV 21400 21500 54929.61578125
ASFV 21500 21600 114026.71984375
ASFV 21600 21700 106412.1671875
ASFV 21700 21800 47441.33671875
ASFV 21800 21900 76907.98234375
ASFV 21900 22000 397402.28
ASFV 22000 22100 1021064.66
ASFV 22100 22200 1460136.1
ASFV 22200 22300 1339973.05
ASFV 22300 22400 886017.97
ASFV 22400 22500 625287.1525
ASFV 22500 22600 429249.6525
ASFV 22600 22700 369811.16125
ASFV 22700 22800 486485.11875
ASFV 22800 22900 519525.18
ASFV 22900 23000 468491.7825
ASFV 23000 23100 493192.305
ASFV 23100 23200 453047.6075
ASFV 23200 23300 337652.83375
ASFV 23300 23400 233411.02375
ASFV 23400 23500 145125.6153125
ASFV 23500 23600 104835.7896875
ASFV 23600 23700 213476.62625
ASFV 23700 23800 288349.98875
ASFV 23800 23900 315487.39
ASFV 23900 24000 333157.985
ASFV 24000 24100 332676.27375
ASFV 24100 24200 290225.60875
ASFV 24200 24300 252505.85375
ASFV 24300 24400 252734.97375
ASFV 24400 24500 282026.32625
ASFV 24500 24600 218163.21375
ASFV 24600 24700 225761.3725
ASFV 24700 24800 380395.8375
ASFV 24800 24900 1039689.11
ASFV 24900 25000 1088921.085
ASFV 25000 25100 671264.49875
ASFV 25100 25200 516096.79125
ASFV 25200 25300 405599.27
ASFV 25300 25400 132172.0328125
ASFV 25400 25500 76702.1421875
ASFV 25500 25600 639337.54875
ASFV 25600 25700 1992327.62
ASFV 25700 25800 2394847.16
ASFV 25800 25900 1790632.4
ASFV 25900 26000 928484.82
ASFV 26000 26100 767108.2875
ASFV 26100 26200 1007388.0625
ASFV 26200 26300 1171555.755
ASFV 26300 26400 1530801.575
ASFV 26400 26500 1486775.26
ASFV 26500 26600 1547991.91
ASFV 26600 26700 1554088.105
ASFV 26700 26800 1322138.745
ASFV 26800 26900 1031447.275
ASFV 26900 27000 716163.695
ASFV 27000 27100 440891.4
ASFV 27100 27200 377584.82
ASFV 27200 27300 1219571.08
ASFV 27300 27400 2282784.28
ASFV 27400 27500 2398847.77
ASFV 27500 27600 1839257.91
ASFV 27600 27700 1838862.37
ASFV 27700 27800 2017617.45
ASFV 27800 27900 1480694.885
ASFV 27900 28000 1129466.575
ASFV 28000 28100 1104759.2
ASFV 28100 28200 2005517.16
ASFV 28200 28300 3014988.94
ASFV 28300 28400 2792300.58
ASFV 28400 28500 2200352.75
ASFV 28500 28600 2337058.13
ASFV 28600 28700 1758268.47
ASFV 28700 28800 908815.33
ASFV 28800 28900 1238622.19
ASFV 28900 29000 1456969.9
ASFV 29000 29100 893791.69
ASFV 29100 29200 833759.17
ASFV 29200 29300 749643.43
ASFV 29300 29400 1112565.14
ASFV 29400 29500 1653774.41
ASFV 29500 29600 2730818.63
ASFV 29600 29700 4438867.52
ASFV 29700 29800 3644234.34
ASFV 29800 29900 6025321.2
ASFV 29900 30000 8538358.78
ASFV 30000 30100 5827113.21
ASFV 30100 30200 1289762.755
ASFV 30200 30300 922835.38
ASFV 30300 30400 1501967.975
ASFV 30400 30500 983641.145
ASFV 30500 30600 428976.2
ASFV 30600 30700 89379.9440625
ASFV 30700 30800 152616.2521875
ASFV 30800 30900 882418.96
ASFV 30900 31000 1949574.495
ASFV 31000 31100 2110834.62
ASFV 31100 31200 1114178.36
ASFV 31200 31300 352575.5742578125
ASFV 31300 31400 9190.7923828125
ASFV 31400 31500 468299.9425
ASFV 31500 31600 4639206.665
ASFV 31600 31700 9029818.0
ASFV 31700 31800 19811906.4
ASFV 31800 31900 22016832.64
ASFV 31900 32000 12104471.04
ASFV 32000 32100 1738341.054375
ASFV 32100 32200 124325.938125
ASFV 32200 32300 1344523.4275
ASFV 32300 32400 3782272.34
ASFV 32400 32500 6058576.14
ASFV 32500 32600 7303944.82
ASFV 32600 32700 8483628.3
ASFV 32700 32800 8041972.425
ASFV 32800 32900 7870401.145
ASFV 32900 33000 8717949.32
ASFV 33000 33100 7559310.275
ASFV 33100 33200 4922629.17
ASFV 33200 33300 2215871.3275
ASFV 33300 33400 673989.5025
ASFV 33400 33500 1108443.53375
ASFV 33500 33600 2236567.45375
ASFV 33600 33700 2479363.9175
ASFV 33700 33800 1499296.25125
ASFV 33800 33900 946183.28125
ASFV 33900 34000 1121291.68
ASFV 34000 34100 912178.525
ASFV 34100 34200 450251.1290625
ASFV 34200 34300 522146.233125
ASFV 34300 34400 548787.2778125
ASFV 34400 34500 387153.256875
ASFV 34500 34600 289322.2765625
ASFV 34600 34700 219230.710625
ASFV 34700 34800 241326.100625
ASFV 34800 34900 226482.960625
ASFV 34900 35000 237540.473125
ASFV 35000 35100 237662.60625
ASFV 35100 35200 292158.8921875
ASFV 35200 35300 338549.1234375
ASFV 35300 35400 274481.9178125
ASFV 35400 35500 214295.1646875
ASFV 35500 35600 395647.656875
ASFV 35600 35700 439747.1590625
ASFV 35700 35800 421336.89625
ASFV 35800 35900 522050.91
ASFV 35900 36000 601372.8725
ASFV 36000 36100 453616.8496875
ASFV 36100 36200 344202.6915625
ASFV 36200 36300 688701.834375
ASFV 36300 36400 802364.8425
ASFV 36400 36500 1033786.239375
ASFV 36500 36600 1470120.21375
ASFV 36600 36700 1121383.69125
ASFV 36700 36800 341167.2703125
ASFV 36800 36900 716651.3671875
ASFV 36900 37000 1235397.11625
ASFV 37000 37100 1142786.88625
ASFV 37100 37200 1260942.805
ASFV 37200 37300 1241366.7
ASFV 37300 37400 489941.665
ASFV 37400 37500 221704.4934375
ASFV 37500 37600 409092.40875
ASFV 37600 37700 459317.941875
ASFV 37700 37800 446203.5809375
ASFV 37800 37900 426771.8509375
ASFV 37900 38000 298091.9734375
ASFV 38000 38100 195542.84125
ASFV 38100 38200 184579.9584375
ASFV 38200 38300 149800.7046875
ASFV 38300 38400 119584.2396875
ASFV 38400 38500 143639.5515625
ASFV 38500 38600 139114.0403125
ASFV 38600 38700 118479.341875
ASFV 38700 38800 109949.1025
ASFV 38800 38900 307047.6228125
ASFV 38900 39000 1056704.00375
ASFV 39000 39100 1289328.02625
ASFV 39100 39200 1021032.91625
ASFV 39200 39300 1438894.11625
ASFV 39300 39400 2060568.16125
ASFV 39400 39500 2444620.09625
ASFV 39500 39600 2759285.935
ASFV 39600 39700 2373172.41125
ASFV 39700 39800 908189.02625
ASFV 39800 39900 495619.8553125
ASFV 39900 40000 764306.6221875
ASFV 40000 40100 1403920.755
ASFV 40100 40200 1546943.415
ASFV 40200 40300 1278779.21125
ASFV 40300 40400 1131721.17125
ASFV 40400 40500 1037480.38375
ASFV 40500 40600 1120265.57125
ASFV 40600 40700 1330223.5525
ASFV 40700 40800 1764698.1275
ASFV 40800 40900 1724583.95375
ASFV 40900 41000 1128900.78375
ASFV 41000 41100 681820.43875
ASFV 41100 41200 714700.22
ASFV 41200 41300 880854.836875
ASFV 41300 41400 890960.058125
ASFV 41400 41500 851774.07625
ASFV 41500 41600 975767.3125
ASFV 41600 41700 1372609.2375
ASFV 41700 41800 1700295.4875
ASFV 41800 41900 1800619.8375
ASFV 41900 42000 1509012.7625
ASFV 42000 42100 944912.7325
ASFV 42100 42200 903773.335
ASFV 42200 42300 907449.071875
ASFV 42300 42400 482766.143125
ASFV 42400 42500 254941.591875
ASFV 42500 42600 309905.5571875
ASFV 42600 42700 346685.7896875
ASFV 42700 42800 352295.4721875
ASFV 42800 42900 416411.81875
ASFV 42900 43000 436578.925625
ASFV 43000 43100 438260.295625
ASFV 43100 43200 467940.3828125
ASFV 43200 43300 493279.53125
ASFV 43300 43400 563792.4575
ASFV 43400 43500 554999.160625
ASFV 43500 43600 508500.3434375
ASFV 43600 43700 384368.5996875
ASFV 43700 43800 460798.9
ASFV 43800 43900 525374.0909375
ASFV 43900 44000 417401.7003125
ASFV 44000 44100 189032.677578125
ASFV 44100 44200 111656.326171875
ASFV 44200 44300 196548.37125
ASFV 44300 44400 287324.4709375
ASFV 44400 44500 341273.568125
ASFV 44500 44600 274377.8559375
ASFV 44600 44700 323310.735625
ASFV 44700 44800 302905.7125
ASFV 44800 44900 254217.230625
ASFV 44900 45000 203853.7315625
ASFV 45000 45100 187667.5696875
ASFV 45100 45200 180769.766875
ASFV 45200 45300 295551.7759375
ASFV 45300 45400 301215.383125
ASFV 45400 45500 186805.2165625
ASFV 45500 45600 227252.34625
ASFV 45600 45700 223913.719375
ASFV 45700 45800 172666.438125
ASFV 45800 45900 115420.4784375
ASFV 45900 46000 92144.706875
ASFV 46000 46100 3979786.6646875
ASFV 46100 46200 16071566.53
ASFV 46200 46300 28770944.12
ASFV 46300 46400 32175178.14
ASFV 46400 46500 25753262.68
ASFV 46500 46600 12483837.87
ASFV 46600 46700 4868124.44125
ASFV 46700 46800 1233262.7625
ASFV 46800 46900 1715553.54375
ASFV 46900 47000 3544886.4825
ASFV 47000 47100 7909220.27
ASFV 47100 47200 9634580.67
ASFV 47200 47300 6552104.3
ASFV 47300 47400 4044521.9
ASFV 47400 47500 3431401.5075
ASFV 47500 47600 2313926.6375
ASFV 47600 47700 2028622.03
ASFV 47700 47800 1572083.3325
ASFV 47800 47900 1019095.50375
ASFV 47900 48000 708075.005
ASFV 48000 48100 621612.026875
ASFV 48100 48200 422439.5546875
ASFV 48200 48300 334717.941875
ASFV 48300 48400 472786.609375
ASFV 48400 48500 493034.976875
ASFV 48500 48600 316140.963125
ASFV 48600 48700 160356.458125
ASFV 48700 48800 179561.7496875
ASFV 48800 48900 230379.4978125
ASFV 48900 49000 260758.9384375
ASFV 49000 49100 305902.5140625
ASFV 49100 49200 313201.9371875
ASFV 49200 49300 317856.9603125
ASFV 49300 49400 402733.0990625
ASFV 49400 49500 541944.5075
ASFV 49500 49600 486620.785
ASFV 49600 49700 346884.491875
ASFV 49700 49800 326830.2165625
ASFV 49800 49900 397744.876875
ASFV 49900 50000 585530.5034375
ASFV 50000 50100 1025720.54
ASFV 50100 50200 1090374.803125
ASFV 50200 50300 656168.653125
ASFV 50300 50400 574120.4340625
ASFV 50400 50500 498144.874375
ASFV 50500 50600 334765.765
ASFV 50600 50700 328922.166875
ASFV 50700 50800 465143.5221875
ASFV 50800 50900 652459.681875
ASFV 50900 51000 743347.82125
ASFV 51000 51100 531804.1528125
ASFV 51100 51200 546535.1165625
ASFV 51200 51300 508084.0171875
ASFV 51300 51400 376369.230625
ASFV 51400 51500 318715.78875
ASFV 51500 51600 281139.4309375
ASFV 51600 51700 225750.876875
ASFV 51700 51800 392899.8090625
ASFV 51800 51900 455290.7059375
ASFV 51900 52000 347715.87
ASFV 52000 52100 327445.8615625
ASFV 52100 52200 453962.3978125
ASFV 52200 52300 541528.728125
ASFV 52300 52400 451058.9340625
ASFV 52400 52500 375526.8225
ASFV 52500 52600 532944.2228125
ASFV 52600 52700 557650.6028125
ASFV 52700 52800 299864.844375
ASFV 52800 52900 410616.5859375
ASFV 52900 53000 653828.219375
ASFV 53000 53100 439169.54125
ASFV 53100 53200 103054.97500732422
ASFV 53200 53300 2395.921337890625
ASFV 53300 53400 10353.092736816407
ASFV 53400 53500 215864.35791015625
ASFV 53500 53600 837006.19625
ASFV 53600 53700 979267.29625
ASFV 53700 53800 559210.49
ASFV 53800 53900 396901.225
ASFV 53900 54000 616568.19375
ASFV 54000 54100 702636.4925
ASFV 54100 54200 508253.0853125
ASFV 54200 54300 668060.5709375
ASFV 54300 54400 1159026.9925
ASFV 54400 54500 1206050.4625
ASFV 54500 54600 686549.06625
ASFV 54600 54700 469885.6134375
ASFV 54700 54800 543629.9871875
ASFV 54800 54900 451866.015625
ASFV 54900 55000 217780.78640625
ASFV 55000 55100 55252.93265625
ASFV 55100 55200 20927.7708984375
ASFV 55200 55300 66539.1183203125
ASFV 55300 55400 98149.148984375
ASFV 55400 55500 151928.687734375
ASFV 55500 55600 422145.5271875
ASFV 55600 55700 641058.825
ASFV 55700 55800 399093.1215625
ASFV 55800 55900 46132.29015625
ASFV 55900 56000 6687.883061523437
ASFV 56000 56100 7780.018779296875
ASFV 56100 56200 4037.636062011719
ASFV 56200 56300 1860.9608471679687
ASFV 56300 56400 122.7778125
ASFV 56400 56500 0.0
ASFV 56500 56600 0.0
ASFV 56600 56700 710.9420104980469
ASFV 56700 56800 12484.164454345702
ASFV 56800 56900 212452.264453125
ASFV 56900 57000 1381808.150625
ASFV 57000 57100 3712825.14
ASFV 57100 57200 6243656.255
ASFV 57200 57300 6607849.035
ASFV 57300 57400 4027355.68
ASFV 57400 57500 946437.66875
ASFV 57500 57600 660209.7425
ASFV 57600 57700 1089104.43375
ASFV 57700 57800 1087499.08625
ASFV 57800 57900 734731.22625
ASFV 57900 58000 527739.0875
ASFV 58000 58100 618007.58875
ASFV 58100 58200 613708.66875
ASFV 58200 58300 379506.630625
ASFV 58300 58400 179348.485
ASFV 58400 58500 114307.155
ASFV 58500 58600 149404.7878125
ASFV 58600 58700 164817.539375
ASFV 58700 58800 179726.7025
ASFV 58800 58900 181739.2290625
ASFV 58900 59000 148473.4634375
ASFV 59000 59100 142322.7321875
ASFV 59100 59200 127623.957109375
ASFV 59200 59300 61938.4647265625
ASFV 59300 59400 41374.3669140625
ASFV 59400 59500 81006.98890625
ASFV 59500 59600 83352.641171875
ASFV 59600 59700 59045.60453125
ASFV 59700 59800 53551.589921875
ASFV 59800 59900 52590.9987890625
ASFV 59900 60000 50192.154375
ASFV 60000 60100 61889.9560546875
ASFV 60100 60200 62725.428671875
ASFV 60200 60300 36508.859140625
ASFV 60300 60400 23788.49392578125
ASFV 60400 60500 27282.3996484375
ASFV 60500 60600 16397.85318359375
ASFV 60600 60700 8138.4101953125
ASFV 60700 60800 8722.48017578125
ASFV 60800 60900 9467.914780273437
ASFV 60900 61000 6115.504399414062
ASFV 61000 61100 6306.102514648437
ASFV 61100 61200 12216.977172851562
ASFV 61200 61300 24298.31369140625
ASFV 61300 61400 31926.32400390625
ASFV 61400 61500 24634.49068359375
ASFV 61500 61600 16019.58087890625
ASFV 61600 61700 10320.932592773437
ASFV 61700 61800 7545.573618164062
ASFV 61800 61900 17695.79056640625
ASFV 61900 62000 16056.99732421875
ASFV 62000 62100 2867.737670288086
ASFV 62100 62200 2328.6858721923827
ASFV 62200 62300 4695.959260253906
ASFV 62300 62400 11155.241259765626
ASFV 62400 62500 346681.03625
ASFV 62500 62600 1933454.2325
ASFV 62600 62700 3124827.68
ASFV 62700 62800 3094085.255
ASFV 62800 62900 2544895.765
ASFV 62900 63000 2141229.9375
ASFV 63000 63100 2372854.4175
ASFV 63100 63200 2589669.64
ASFV 63200 63300 2107961.44625
ASFV 63300 63400 1401831.884375
ASFV 63400 63500 832661.636875
ASFV 63500 63600 1406617.2275
ASFV 63600 63700 3231160.7725
ASFV 63700 63800 3198931.11
ASFV 63800 63900 1089123.0978125
ASFV 63900 64000 484688.4446875
ASFV 64000 64100 1077239.24
ASFV 64100 64200 1379069.3725
ASFV 64200 64300 1092852.649375
ASFV 64300 64400 763906.7975
ASFV 64400 64500 503223.2659375
ASFV 64500 64600 344404.4034375
ASFV 64600 64700 2649505.39875
ASFV 64700 64800 4057991.2925
ASFV 64800 64900 2515650.088125
ASFV 64900 65000 210965.98875
ASFV 65000 65100 79849.3228857422
ASFV 65100 65200 11276.265297851562
ASFV 65200 65300 24887.06255859375
ASFV 65300 65400 34535.0598828125
ASFV 65400 65500 22204.65984375
ASFV 65500 65600 27574.72728515625
ASFV 65600 65700 33089.20529296875
ASFV 65700 65800 33303.18904296875
ASFV 65800 65900 27193.531484375
ASFV 65900 66000 24120.577734375
ASFV 66000 66100 25647.11640625
ASFV 66100 66200 12925.579150390626
ASFV 66200 66300 23476.872041015624
ASFV 66300 66400 43987.7828515625
ASFV 66400 66500 35400.93556640625
ASFV 66500 66600 12798.70794921875
ASFV 66600 66700 24641.5066015625
ASFV 66700 66800 35815.4565234375
ASFV 66800 66900 26466.803125
ASFV 66900 67000 27007.026640625
ASFV 67000 67100 65503.1035546875
ASFV 67100 67200 283575.099375
ASFV 67200 67300 574486.4165625
ASFV 67300 67400 1046580.939375
ASFV 67400 67500 1148408.755
ASFV 67500 67600 756131.1703125
ASFV 67600 67700 268272.2934375
ASFV 67700 67800 391330.07
ASFV 67800 67900 604376.3325
ASFV 67900 68000 633365.94875
ASFV 68000 68100 525138.451875
ASFV 68100 68200 543746.268125
ASFV 68200 68300 627714.631875
ASFV 68300 68400 543880.2640625
ASFV 68400 68500 309550.2025
ASFV 68500 68600 317660.4434375
ASFV 68600 68700 304556.1596875
ASFV 68700 68800 183410.661640625
ASFV 68800 68900 119503.018671875
ASFV 68900 69000 193788.2590625
ASFV 69000 69100 246631.8815625
ASFV 69100 69200 217143.51
ASFV 69200 69300 186321.61
ASFV 69300 69400 248386.84625
ASFV 69400 69500 287277.583125
ASFV 69500 69600 352213.02625
ASFV 69600 69700 324525.560625
ASFV 69700 69800 343881.221875
ASFV 69800 69900 395445.9721875
ASFV 69900 70000 296371.349375
ASFV 70000 70100 163145.35875
ASFV 70100 70200 303178.0028125
ASFV 70200 70300 600609.41375
ASFV 70300 70400 975681.07875
ASFV 70400 70500 1009128.001875
ASFV 70500 70600 1208451.604375
ASFV 70600 70700 1377602.2125
ASFV 70700 70800 1339302.135
ASFV 70800 70900 1223672.775
ASFV 70900 71000 1269503.70375
ASFV 71000 71100 850448.5765625
ASFV 71100 71200 460210.6771875
ASFV 71200 71300 552581.723125
ASFV 71300 71400 519872.401875
ASFV 71400 71500 484710.7328125
ASFV 71500 71600 472183.2615625
ASFV 71600 71700 389013.6278125
ASFV 71700 71800 273988.36125
ASFV 71800 71900 149386.01109375
ASFV 71900 72000 90018.856328125
ASFV 72000 72100 141593.206015625
ASFV 72100 72200 182236.0728125
ASFV 72200 72300 147036.26984375
ASFV 72300 72400 91747.09828125
ASFV 72400 72500 76289.421484375
ASFV 72500 72600 130053.186953125
ASFV 72600 72700 160149.508125
ASFV 72700 72800 154266.868125
ASFV 72800 72900 174783.2190625
ASFV 72900 73000 136937.51375
ASFV 73000 73100 91344.856953125
ASFV 73100 73200 76834.91796875
ASFV 73200 73300 59867.0397265625
ASFV 73300 73400 101961.6991015625
ASFV 73400 73500 114269.45234375
ASFV 73500 73600 81958.8725
ASFV 73600 73700 96002.29015625
ASFV 73700 73800 135771.736875
ASFV 73800 73900 148789.0640625
ASFV 73900 74000 154844.8684375
ASFV 74000 74100 138901.2884375
ASFV 74100 74200 168455.728125
ASFV 74200 74300 203309.355625
ASFV 74300 74400 157769.99125
ASFV 74400 74500 116963.4290625
ASFV 74500 74600 104213.06859375
ASFV 74600 74700 123045.50984375
ASFV 74700 74800 144874.309375
ASFV 74800 74900 126931.28625
ASFV 74900 75000 62901.40083984375
ASFV 75000 75100 16273.903413085938
ASFV 75100 75200 11157.579438476563
ASFV 75200 75300 18666.3209375
ASFV 75300 75400 20910.815625
ASFV 75400 75500 18383.346484375
ASFV 75500 75600 20346.03759765625
ASFV 75600 75700 28918.8521875
ASFV 75700 75800 23783.8159765625
ASFV 75800 75900 12734.396240234375
ASFV 75900 76000 4691.866402587891
ASFV 76000 76100 1747.5375634765626
ASFV 76100 76200 7782.936531982422
ASFV 76200 76300 12497.609306640625
ASFV 76300 76400 14280.813291015626
ASFV 76400 76500 12407.571640625
ASFV 76500 76600 8861.632766113282
ASFV 76600 76700 5522.660378417969
ASFV 76700 76800 7275.461357421875
ASFV 76800 76900 7537.384892578125
ASFV 76900 77000 4974.839809570312
ASFV 77000 77100 8980.319096679688
ASFV 77100 77200 17059.100078125
ASFV 77200 77300 23479.79525390625
ASFV 77300 77400 16467.42642578125
ASFV 77400 77500 6192.674865722656
ASFV 77500 77600 4006.0646362304688
ASFV 77600 77700 11354.024443359374
ASFV 77700 77800 14457.96466796875
ASFV 77800 77900 8123.798447265625
ASFV 77900 78000 9852.037705078124
ASFV 78000 78100 14076.768515625
ASFV 78100 78200 14399.498828125
ASFV 78200 78300 12191.25169921875
ASFV 78300 78400 13928.265263671876
ASFV 78400 78500 13456.448623046876
ASFV 78500 78600 20402.74890625
ASFV 78600 78700 33416.61177734375
ASFV 78700 78800 34284.2428515625
ASFV 78800 78900 37281.18890625
ASFV 78900 79000 30144.29244140625
ASFV 79000 79100 13151.842080078124
ASFV 79100 79200 16579.094814453125
ASFV 79200 79300 34884.6845703125
ASFV 79300 79400 48525.29796875
ASFV 79400 79500 32194.095859375
ASFV 79500 79600 18032.54990234375
ASFV 79600 79700 41308.88798828125
ASFV 79700 79800 44763.036484375
ASFV 79800 79900 14393.65064453125
ASFV 79900 80000 14948.4910546875
ASFV 80000 80100 13741.7606640625
ASFV 80100 80200 12039.241142578125
ASFV 80200 80300 12216.977177734376
ASFV 80300 80400 13756.377373046875
ASFV 80400 80500 20125.621982421875
ASFV 80500 80600 25874.5467578125
ASFV 80600 80700 20448.93650390625
ASFV 80700 80800 22052.64615234375
ASFV 80800 80900 35028.5109375
ASFV 80900 81000 25547.724462890626
ASFV 81000 81100 3186.3765869140625
ASFV 81100 81200 11296.727885742188
ASFV 81200 81300 18191.579560546874
ASFV 81300 81400 15015.725732421875
ASFV 81400 81500 13344.193642578124
ASFV 81500 81600 36653.26998046875
ASFV 81600 81700 46691.8171875
ASFV 81700 81800 28549.349501953126
ASFV 81800 81900 13752.283486328124
ASFV 81900 82000 15406.8614453125
ASFV 82000 82100 13584.487890625
ASFV 82100 82200 11519.478520507813
ASFV 82200 82300 5672.919547119141
ASFV 82300 82400 426.2144128417969
ASFV 82400 82500 106.40743591308593
ASFV 82500 82600 6849.244165649414
ASFV 82600 82700 33145.33064453125
ASFV 82700 82800 65392.629296875
ASFV 82800 82900 69086.49171875
ASFV 82900 83000 78487.111796875
ASFV 83000 83100 83409.32765625
ASFV 83100 83200 55047.1389453125
ASFV 83200 83300 35415.55283203125
ASFV 83300 83400 31075.06466796875
ASFV 83400 83500 34804.58625
ASFV 83500 83600 39222.83359375
ASFV 83600 83700 21477.348359375
ASFV 83700 83800 9475.52367980957
ASFV 83800 83900 1493.2120843505859
ASFV 83900 84000 4581.951032714844
ASFV 84000 84100 16701.2903515625
ASFV 84100 84200 20854.68861328125
ASFV 84200 84300 13212.64546875
ASFV 84300 84400 3844.6995434570313
ASFV 84400 84500 6640.524626464844
ASFV 84500 84600 13527.771240234375
ASFV 84600 84700 27519.18494140625
ASFV 84700 84800 34730.91998046875
ASFV 84800 84900 22071.3554296875
ASFV 84900 85000 4605.918950195312
ASFV 85000 85100 6993.658227539063
ASFV 85100 85200 16501.337548828124
ASFV 85200 85300 54494.05681640625
ASFV 85300 85400 60697.2583984375
ASFV 85400 85500 34660.17628417969
ASFV 85500 85600 3262.9664892578126
ASFV 85600 85700 114.00796875
ASFV 85700 85800 5398.7159375
ASFV 85800 85900 13198.61513671875
ASFV 85900 86000 15095.824345703126
ASFV 86000 86100 7579.4837109375
ASFV 86100 86200 2141.595849609375
ASFV 86200 86300 11120.16119140625
ASFV 86300 86400 18204.44162109375
ASFV 86400 86500 13395.643422851563
ASFV 86500 86600 4546.287022705078
ASFV 86600 86700 991.5770153808594
ASFV 86700 86800 467.7250061035156
ASFV 86800 86900 1870.9000244140625
ASFV 86900 87000 1833.4820397949218
ASFV 87000 87100 0.0
ASFV 87100 87200 972.8680139160156
ASFV 87200 87300 2881.1860119628905
ASFV 87300 87400 6510.732150878906
ASFV 87400 87500 7210.565649414062
ASFV 87500 87600 6451.096708984375
ASFV 87600 87700 4598.321416015625
ASFV 87700 87800 3180.5301232910156
ASFV 87800 87900 1796.0640490722656
ASFV 87900 88000 3985.0170776367186
ASFV 88000 88100 6937.53107421875
ASFV 88100 88200 6408.417143554688
ASFV 88200 88300 5006.996311035156
ASFV 88300 88400 4404.215549316406
ASFV 88400 88500 6313.11822265625
ASFV 88500 88600 15874.58568359375
ASFV 88600 88700 14369.68142578125
ASFV 88700 88800 3229.6410888671876
ASFV 88800 88900 5720.275888671875
ASFV 88900 89000 21800.662294921876
ASFV 89000 89100 26183.830390625
ASFV 89100 89200 13790.28576171875
ASFV 89200 89300 10010.484169921874
ASFV 89300 89400 24726.866416015626
ASFV 89400 89500 22896.8937890625
ASFV 89500 89600 21998.2753515625
ASFV 89600 89700 20020.38404296875
ASFV 89700 89800 14287.82798828125
ASFV 89800 89900 16817.05220703125
ASFV 89900 90000 13537.713154296875
ASFV 90000 90100 3924.211661376953
ASFV 90100 90200 3405.0380407714842
ASFV 90200 90300 8942.902143554687
ASFV 90300 90400 10251.945395507813
ASFV 90400 90500 4191.400700683594
ASFV 90500 90600 3741.800048828125
ASFV 90600 90700 3815.46677734375
ASFV 90700 90800 2115.2863610839845
ASFV 90800 90900 4359.196995849609
ASFV 90900 91000 4957.8851953125
ASFV 91000 91100 4808.2133203125
ASFV 91100 91200 7857.193779296875
ASFV 91200 91300 109141.2608984375
ASFV 91300 91400 693119.9596875
ASFV 91400 91500 1128071.26625
ASFV 91500 91600 1036879.58125
ASFV 91600 91700 959448.14875
ASFV 91700 91800 1294749.30625
ASFV 91800 91900 1309103.98125
ASFV 91900 92000 1198596.8225
ASFV 92000 92100 1114018.1025
ASFV 92100 92200 1226099.51
ASFV 92200 92300 1626829.07875
ASFV 92300 92400 1325272.895625
ASFV 92400 92500 539107.6665625
ASFV 92500 92600 227193.862734375
ASFV 92600 92700 96452.4040625
ASFV 92700 92800 52134.366953125
ASFV 92800 92900 41347.4742578125
ASFV 92900 93000 83744.9314453125
ASFV 93000 93100 93027.500546875
ASFV 93100 93200 59691.0590625
ASFV 93200 93300 84461.67875
ASFV 93300 93400 116904.564375
ASFV 93400 93500 87738.67796875
ASFV 93500 93600 55724.1728125
ASFV 93600 93700 78215.854765625
ASFV 93700 93800 86476.418984375
ASFV 93800 93900 46082.0173828125
ASFV 93900 94000 18586.2218359375
ASFV 94000 94100 30489.2391796875
ASFV 94100 94200 52763.4743359375
ASFV 94200 94300 51650.8715234375
ASFV 94300 94400 35873.92357421875
ASFV 94400 94500 23777.96912109375
ASFV 94500 94600 26210.13921875
ASFV 94600 94700 26606.53630859375
ASFV 94700 94800 17558.3966796875
ASFV 94800 94900 17661.88076171875
ASFV 94900 95000 21619.41986328125
ASFV 95000 95100 18384.516181640625
ASFV 95100 95200 22984.591064453125
ASFV 95200 95300 31061.0333203125
ASFV 95300 95400 36178.528515625
ASFV 95400 95500 43135.354921875
ASFV 95500 95600 42634.8891796875
ASFV 95600 95700 62979.1719921875
ASFV 95700 95800 69772.2946875
ASFV 95800 95900 43960.8877734375
ASFV 95900 96000 54245.5772265625
ASFV 96000 96100 65599.6
ASFV 96100 96200 52913.1437109375
ASFV 96200 96300 36928.05837890625
ASFV 96300 96400 109901.86185546876
ASFV 96400 96500 695771.485
ASFV 96500 96600 1054586.78125
ASFV 96600 96700 938349.28125
ASFV 96700 96800 1099698.63875
ASFV 96800 96900 1470502.41875
ASFV 96900 97000 1462189.4275
ASFV 97000 97100 1095124.51
ASFV 97100 97200 979349.3925
ASFV 97200 97300 895614.47875
ASFV 97300 97400 851934.25625
ASFV 97400 97500 791800.025625
ASFV 97500 97600 762625.708125
ASFV 97600 97700 1105970.56875
ASFV 97700 97800 1676381.69
ASFV 97800 97900 1708997.73125
ASFV 97900 98000 1347530.55
ASFV 98000 98100 1108495.6825
ASFV 98100 98200 816033.99125
ASFV 98200 98300 935007.325
ASFV 98300 98400 1465603.875
ASFV 98400 98500 1648893.19
ASFV 98500 98600 1606344.21
ASFV 98600 98700 1832733.295
ASFV 98700 98800 1597270.385
ASFV 98800 98900 1105661.63
ASFV 98900 99000 1031803.07
ASFV 99000 99100 1019221.11
ASFV 99100 99200 1446889.72
ASFV 99200 99300 2242134.01
ASFV 99300 99400 2145128.04
ASFV 99400 99500 1389418.45
ASFV 99500 99600 833312.335
ASFV 99600 99700 767580.65
ASFV 99700 99800 612899.465
ASFV 99800 99900 749893.595
ASFV 99900 100000 867311.295
ASFV 100000 100100 811904.5575
ASFV 100100 100200 480353.2525
ASFV 100200 100300 164384.17875
ASFV 100300 100400 76367.781875
ASFV 100400 100500 95572.5265625
ASFV 100500 100600 136835.0353125
ASFV 100600 100700 170031.8675
ASFV 100700 100800 155317.275
ASFV 100800 100900 88736.7553125
ASFV 100900 101000 50682.6734375
ASFV 101000 101100 105338.69
ASFV 101100 101200 138341.3325
ASFV 101200 101300 106645.915
ASFV 101300 101400 97847.9375
ASFV 101400 101500 116825.77125
ASFV 101500 101600 155282.41375
ASFV 101600 101700 162384.62875
ASFV 101700 101800 197571.52625
ASFV 101800 101900 168273.25875
ASFV 101900 102000 92778.018125
ASFV 102000 102100 70708.32375
ASFV 102100 102200 117069.276875
ASFV 102200 102300 121559.495
ASFV 102300 102400 153271.12
ASFV 102400 102500 250901.5575
ASFV 102500 102600 306397.0975
ASFV 102600 102700 303293.88125
ASFV 102700 102800 250169.67125
ASFV 102800 102900 125249.73125
ASFV 102900 103000 226699.09375
ASFV 103000 103100 351317.46125
ASFV 103100 103200 276617.02125
ASFV 103200 103300 190359.095
ASFV 103300 103400 244432.9525
ASFV 103400 103500 244954.28125
ASFV 103500 103600 222606.63625
ASFV 103600 103700 255120.4775
ASFV 103700 103800 317407.375
ASFV 103800 103900 293174.5775
ASFV 103900 104000 264175.585
ASFV 104000 104100 220639.85625
ASFV 104100 104200 208132.95625
ASFV 104200 104300 276792.38
ASFV 104300 104400 274683.155
ASFV 104400 104500 176853.7075
ASFV 104500 104600 160169.8925
ASFV 104600 104700 204458.75375
ASFV 104700 104800 536562.03625
ASFV 104800 104900 686668.885
ASFV 104900 105000 467343.475
ASFV 105000 105100 299596.4325
ASFV 105100 105200 239077.5025
ASFV 105200 105300 222477.9275
ASFV 105300 105400 418019.6175
ASFV 105400 105500 606809.51625
ASFV 105500 105600 426347.42625
ASFV 105600 105700 237795.89875
ASFV 105700 105800 289311.16875
ASFV 105800 105900 374953.83125
ASFV 105900 106000 363845.35125
ASFV 106000 106100 269510.07625
ASFV 106100 106200 238036.78125
ASFV 106200 106300 409654.38125
ASFV 106300 106400 401328.77125
ASFV 106400 106500 372633.865
ASFV 106500 106600 575925.8525
ASFV 106600 106700 600923.33125
ASFV 106700 106800 456340.41125
ASFV 106800 106900 523360.6475
ASFV 106900 107000 416859.66
ASFV 107000 107100 227087.41
ASFV 107100 107200 241628.9775
ASFV 107200 107300 604898.9675
ASFV 107300 107400 720399.035
ASFV 107400 107500 592480.88
ASFV 107500 107600 740408.15
ASFV 107600 107700 695216.69
ASFV 107700 107800 370190.03
ASFV 107800 107900 350049.925
ASFV 107900 108000 2096015.265
ASFV 108000 108100 9038013.36
ASFV 108100 108200 18835778.72
ASFV 108200 108300 18278817.28
ASFV 108300 108400 11722713.44
ASFV 108400 108500 8648433.92
ASFV 108500 108600 5676173.76
ASFV 108600 108700 362320.626640625
ASFV 108700 108800 22368.948203125
ASFV 108800 108900 16739.876875
ASFV 108900 109000 15332.02359375
ASFV 109000 109100 15336.70234375
ASFV 109100 109200 12015.8544140625
ASFV 109200 109300 10416.23546875
ASFV 109300 109400 11248.7854296875
ASFV 109400 109500 8131.39640625
ASFV 109500 109600 7191.2719140625
ASFV 109600 109700 7319.8962890625
ASFV 109700 109800 10977.504453125
ASFV 109800 109900 9691.256796875
ASFV 109900 110000 4284.361083984375
ASFV 110000 110100 1936.38150390625
ASFV 110100 110200 40907.229248046875
ASFV 110200 110300 133699.095
ASFV 110300 110400 307014.5
ASFV 110400 110500 2763530.38
ASFV 110500 110600 9671971.82
ASFV 110600 110700 14976425.24
ASFV 110700 110800 17365076.68
ASFV 110800 110900 24499819.6
ASFV 110900 111000 37707972.88
ASFV 111000 111100 35094477.12
ASFV 111100 111200 17296404.08
ASFV 111200 111300 9649919.96
ASFV 111300 111400 8183337.56
ASFV 111400 111500 6932004.86
ASFV 111500 111600 5200076.62
ASFV 111600 111700 2509716.67
ASFV 111700 111800 2130780.49
ASFV 111800 111900 1548847.53
ASFV 111900 112000 849088.9575
ASFV 112000 112100 505081.905
ASFV 112100 112200 833897.1975
ASFV 112200 112300 1149859.16
ASFV 112300 112400 1088489.26
ASFV 112400 112500 1026414.56
ASFV 112500 112600 1056976.3
ASFV 112600 112700 1358057.125
ASFV 112700 112800 1441854.275
ASFV 112800 112900 1062010.99
ASFV 112900 113000 876586.18
ASFV 113000 113100 1024729.7175
ASFV 113100 113200 762199.6275
ASFV 113200 113300 335407.67875
ASFV 113300 113400 172517.96625
ASFV 113400 113500 191589.3475
ASFV 113500 113600 234302.015
ASFV 113600 113700 198993.525
ASFV 113700 113800 180406.1025
ASFV 113800 113900 179374.7475
ASFV 113900 114000 194533.54
ASFV 114000 114100 177990.255
ASFV 114100 114200 160913.5775
ASFV 114200 114300 138147.20125
ASFV 114300 114400 177955.35875
ASFV 114400 114500 193034.675
ASFV 114500 114600 179671.755
ASFV 114600 114700 202450.0125
ASFV 114700 114800 204171.1675
ASFV 114800 114900 193420.605
ASFV 114900 115000 344406.625
ASFV 115000 115100 380748.79125
ASFV 115100 115200 225950.87625
ASFV 115200 115300 129258.22125
ASFV 115300 115400 203168.03625
ASFV 115400 115500 215684.165
ASFV 115500 115600 209080.04
ASFV 115600 115700 189295.23125
ASFV 115700 115800 165721.93875
ASFV 115800 115900 232711.715
ASFV 115900 116000 287444.7875
ASFV 116000 116100 353639.6525
ASFV 116100 116200 347816.4
ASFV 116200 116300 231680.44625
ASFV 116300 116400 187265.19375
ASFV 116400 116500 317047.2375
ASFV 116500 116600 287566.5875
ASFV 116600 116700 200256.34875
ASFV 116700 116800 387098.32625
ASFV 116800 116900 956764.225
ASFV 116900 117000 1145896.555
ASFV 117000 117100 1039993.2325
ASFV 117100 117200 805391.5625
ASFV 117200 117300 502853.18
ASFV 117300 117400 303331.225
ASFV 117400 117500 220059.87625
ASFV 117500 117600 272421.57625
ASFV 117600 117700 491990.1725
ASFV 117700 117800 744987.225
ASFV 117800 117900 857248.175
ASFV 117900 118000 598647.795
ASFV 118000 118100 426637.47625
ASFV 118100 118200 502937.42375
ASFV 118200 118300 416955.58625
ASFV 118300 118400 590560.98875
ASFV 118400 118500 836329.165
ASFV 118500 118600 824692.22
ASFV 118600 118700 766140.0875
ASFV 118700 118800 969053.2125
ASFV 118800 118900 1174449.74
ASFV 118900 119000 1004034.36
ASFV 119000 119100 657852.48375
ASFV 119100 119200 381413.24375
ASFV 119200 119300 336240.2625
ASFV 119300 119400 798684.42
ASFV 119400 119500 1053777.1
ASFV 119500 119600 807959.36
ASFV 119600 119700 790131.99
ASFV 119700 119800 846731.43
ASFV 119800 119900 755576.4675
ASFV 119900 120000 684589.9325
ASFV 120000 120100 664793.4875
ASFV 120100 120200 739068.2525
ASFV 120200 120300 810103.9
ASFV 120300 120400 634028.95
ASFV 120400 120500 405372.3625
ASFV 120500 120600 493627.2675
ASFV 120600 120700 1202571.52
ASFV 120700 120800 2381808.76
ASFV 120800 120900 3316852.91
ASFV 120900 121000 2992837.29
ASFV 121000 121100 2419752.71
ASFV 121100 121200 2251409.61
ASFV 121200 121300 2980215.67
ASFV 121300 121400 3700067.21
ASFV 121400 121500 3214489.19
ASFV 121500 121600 1514833.69
ASFV 121600 121700 997738.67
ASFV 121700 121800 1093346.35
ASFV 121800 121900 936688.99
ASFV 121900 122000 588205.82
ASFV 122000 122100 380814.48125
ASFV 122100 122200 142971.66375
ASFV 122200 122300 74244.355625
ASFV 122300 122400 130006.473125
ASFV 122400 122500 585472.0625
ASFV 122500 122600 844161.285
ASFV 122600 122700 746210.295
ASFV 122700 122800 724423.835
ASFV 122800 122900 615729.23
ASFV 122900 123000 722295.59
ASFV 123000 123100 704217.9975
ASFV 123100 123200 743011.1775
ASFV 123200 123300 648680.375
ASFV 123300 123400 321347.89625
ASFV 123400 123500 48596.609453125
ASFV 123500 123600 37202.845859375
ASFV 123600 123700 43648.09765625
ASFV 123700 123800 36276.75078125
ASFV 123800 123900 29195.394765625
ASFV 123900 124000 28512.516640625
ASFV 124000 124100 16307.2319921875
ASFV 124100 124200 3009.81046875
ASFV 124200 124300 9485.4632421875
ASFV 124300 124400 15622.0144921875
ASFV 124400 124500 13262.3408203125
ASFV 124500 124600 10236.1562109375
ASFV 124600 124700 13825.9508203125
ASFV 124700 124800 10444.2976171875
ASFV 124800 124900 14256.258359375
ASFV 124900 125000 24822.165390625
ASFV 125000 125100 23339.4778125
ASFV 125100 125200 24186.05921875
ASFV 125200 125300 25182.313671875
ASFV 125300 125400 15823.136796875
ASFV 125400 125500 17920.882734375
ASFV 125500 125600 36063.935390625
ASFV 125600 125700 38250.548828125
ASFV 125700 125800 16669.7166796875
ASFV 125800 125900 2974.7310595703125
ASFV 125900 126000 9134.669409179687
ASFV 126000 126100 21903.561796875
ASFV 126100 126200 23124.324609375
ASFV 126200 126300 13440.077578125
ASFV 126300 126400 25236.101796875
ASFV 126400 126500 36545.69453125
ASFV 126500 126600 32588.73984375
ASFV 126600 126700 34943.7346875
ASFV 126700 126800 40785.62125
ASFV 126800 126900 23173.4348046875
ASFV 126900 127000 5615.0387890625
ASFV 127000 127100 9967.219609375
ASFV 127100 127200 25374.08078125
ASFV 127200 127300 86283.50375
ASFV 127300 127400 105623.823125
ASFV 127400 127500 77965.02953125
ASFV 127500 127600 152468.99796875
ASFV 127600 127700 337297.36875
ASFV 127700 127800 453040.50875
ASFV 127800 127900 360533.855
ASFV 127900 128000 316249.79
ASFV 128000 128100 314367.22875
ASFV 128100 128200 396382.59625
ASFV 128200 128300 566288.3375
ASFV 128300 128400 866529.8925
ASFV 128400 128500 1009129.555
ASFV 128500 128600 861946.525
ASFV 128600 128700 761497.9
ASFV 128700 128800 793967.4
ASFV 128800 128900 772489.44
ASFV 128900 129000 639711.78
ASFV 129000 129100 432841.7775
ASFV 129100 129200 283796.8025
ASFV 129200 129300 203906.95375
ASFV 129300 129400 91246.09
ASFV 129400 129500 43566.2440625
ASFV 129500 129600 64300.4684375
ASFV 129600 129700 92943.8815625
ASFV 129700 129800 73706.3996875
ASFV 129800 129900 29408.209453125
ASFV 129900 130000 36073.291796875
ASFV 130000 130100 33802.48609375
ASFV 130100 130200 21894.20765625
ASFV 130200 130300 32558.3378125
ASFV 130300 130400 73395.4078125
ASFV 130400 130500 74234.9575
ASFV 130500 130600 34263.194375
ASFV 130600 130700 48531.1090625
ASFV 130700 130800 219157.1003125
ASFV 130800 130900 379862.5525
ASFV 130900 131000 513373.46375
ASFV 131000 131100 782093.01125
ASFV 131100 131200 941823.34625
ASFV 131200 131300 765438.56
ASFV 131300 131400 716805.57625
ASFV 131400 131500 714249.515
ASFV 131500 131600 560417.12625
ASFV 131600 131700 500071.34625
ASFV 131700 131800 579132.06125
ASFV 131800 131900 718650.78875
ASFV 131900 132000 722960.9875
ASFV 132000 132100 718595.92375
ASFV 132100 132200 601291.710625
ASFV 132200 132300 470714.6925
ASFV 132300 132400 503769.87625
ASFV 132400 132500 510404.574375
ASFV 132500 132600 554618.595
ASFV 132600 132700 612818.74
ASFV 132700 132800 635779.325
ASFV 132800 132900 566918.56
ASFV 132900 133000 487065.15
ASFV 133000 133100 446825.5975
ASFV 133100 133200 565667.4975
ASFV 133200 133300 814714.4525
ASFV 133300 133400 819723.80375
ASFV 133400 133500 621286.96
ASFV 133500 133600 529301.74875
ASFV 133600 133700 350695.22125
ASFV 133700 133800 311365.58875
ASFV 133800 133900 542543.115
ASFV 133900 134000 593339.1525
ASFV 134000 134100 512937.3125
ASFV 134100 134200 572330.22
ASFV 134200 134300 753757.0175
ASFV 134300 134400 794270.22875
ASFV 134400 134500 887090.16875
ASFV 134500 134600 812863.4
ASFV 134600 134700 704222.7625
ASFV 134700 134800 875003.05625
ASFV 134800 134900 1075694.05625
ASFV 134900 135000 1042784.81875
ASFV 135000 135100 897516.97125
ASFV 135100 135200 962583.975
ASFV 135200 135300 958544.465
ASFV 135300 135400 540773.9475
ASFV 135400 135500 114548.078125
ASFV 135500 135600 227958.57
ASFV 135600 135700 299285.368125
ASFV 135700 135800 260309.846875
ASFV 135800 135900 182945.925625
ASFV 135900 136000 109701.32125
ASFV 136000 136100 75189.1375
ASFV 136100 136200 125052.08
ASFV 136200 136300 90488.309453125
ASFV 136300 136400 26465.049921875
ASFV 136400 136500 25715.520703125
ASFV 136500 136600 47363.003515625
ASFV 136600 136700 154072.01765625
ASFV 136700 136800 317516.12375
ASFV 136800 136900 311901.0
ASFV 136900 137000 164045.126875
ASFV 137000 137100 277447.340625
ASFV 137100 137200 504126.61375
ASFV 137200 137300 458117.64
ASFV 137300 137400 234989.658125
ASFV 137400 137500 136289.1196875
ASFV 137500 137600 67727.726015625
ASFV 137600 137700 72422.507421875
ASFV 137700 137800 96842.3496875
ASFV 137800 137900 118331.9565625
ASFV 137900 138000 170019.04125
ASFV 138000 138100 222966.63625
ASFV 138100 138200 189793.305
ASFV 138200 138300 165199.2675
ASFV 138300 138400 162177.665
ASFV 138400 138500 142418.723125
ASFV 138500 138600 119655.7409375
ASFV 138600 138700 104635.71546875
ASFV 138700 138800 99866.13984375
ASFV 138800 138900 123153.14625
ASFV 138900 139000 161388.475625
ASFV 139000 139100 143553.99265625
ASFV 139100 139200 69933.032890625
ASFV 139200 139300 32610.956640625
ASFV 139300 139400 49723.845
ASFV 139400 139500 66048.61515625
ASFV 139500 139600 69785.73546875
ASFV 139600 139700 56984.10515625
ASFV 139700 139800 21355.1529296875
ASFV 139800 139900 32385.2792578125
ASFV 139900 140000 55653.42890625
ASFV 140000 140100 41891.789375
ASFV 140100 140200 18118.497265625
ASFV 140200 140300 9566.1417578125
ASFV 140300 140400 7801.650810546875
ASFV 140400 140500 11974.928798828125
ASFV 140500 140600 18306.75640625
ASFV 140600 140700 20275.87953125
ASFV 140700 140800 10203.414541015625
ASFV 140800 140900 5188.239814453125
ASFV 140900 141000 6938.70060546875
ASFV 141000 141100 12865.94529296875
ASFV 141100 141200 14987.07791015625
ASFV 141200 141300 14052.7976953125
ASFV 141300 141400 17920.8837109375
ASFV 141400 141500 20281.725703125
ASFV 141500 141600 20529.619765625
ASFV 141600 141700 25934.181484375
ASFV 141700 141800 23008.5619921875
ASFV 141800 141900 12608.695166015625
ASFV 141900 142000 9018.906865234376
ASFV 142000 142100 9610.57921875
ASFV 142100 142200 9888.872861328126
ASFV 142200 142300 9078.534091796875
ASFV 142300 142400 6912.97337890625
ASFV 142400 142500 5257.2292578125
ASFV 142500 142600 6544.64216796875
ASFV 142600 142700 3483.381926269531
ASFV 142700 142800 1161.1273364257813
ASFV 142800 142900 3254.196689453125
ASFV 142900 143000 5919.059604492188
ASFV 143000 143100 10385.82814453125
ASFV 143100 143200 11054.67845703125
ASFV 143200 143300 4745.070161132812
ASFV 143300 143400 1945.7360107421875
ASFV 143400 143500 3610.83712890625
ASFV 143500 143600 5612.7001953125
ASFV 143600 143700 3657.6095947265626
ASFV 143700 143800 7301.186284179687
ASFV 143800 143900 18956.894296875
ASFV 143900 144000 17875.280078125
ASFV 144000 144100 13930.0200390625
ASFV 144100 144200 10748.318671875
ASFV 144200 144300 5122.756694335938
ASFV 144300 144400 16626.45510253906
ASFV 144400 144500 30038.46984375
ASFV 144500 144600 31153.9927734375
ASFV 144600 144700 58435.1824609375
ASFV 144700 144800 120699.923125
ASFV 144800 144900 120354.879296875
ASFV 144900 145000 51667.236796875
ASFV 145000 145100 48685.495078125
ASFV 145100 145200 40065.32296875
ASFV 145200 145300 37181.79859375
ASFV 145300 145400 25639.5141796875
ASFV 145400 145500 20378.778515625
ASFV 145500 145600 17347.9198828125
ASFV 145600 145700 28661.0178515625
ASFV 145700 145800 27940.722109375
ASFV 145800 145900 13857.522485351563
ASFV 145900 146000 237.3704443359375
ASFV 146000 146100 0.0
ASFV 146100 146200 1536.476611328125
ASFV 146200 146300 3765.186298828125
ASFV 146300 146400 5122.758198242187
ASFV 146400 146500 11698.970961914063
ASFV 146500 146600 22119.8844921875
ASFV 146600 146700 20026.81359375
ASFV 146700 146800 8006.280537109375
ASFV 146800 146900 8609.646728515625
ASFV 146900 147000 22237.985390625
ASFV 147000 147100 25831.28203125
ASFV 147100 147200 19462.0372265625
ASFV 147200 147300 14797.64958984375
ASFV 147300 147400 6686.128046875
ASFV 147400 147500 7788.7906640625
ASFV 147500 147600 17601.66115234375
ASFV 147600 147700 22515.112578125
ASFV 147700 147800 21290.8417578125
ASFV 147800 147900 27764.15734375
ASFV 147900 148000 24995.223125
ASFV 148000 148100 12832.03087890625
ASFV 148100 148200 7393.560791015625
ASFV 148200 148300 3963.969423828125
ASFV 148300 148400 4644.509135742188
ASFV 148400 148500 3741.800048828125
ASFV 148500 148600 4277.345385742187
ASFV 148600 148700 7453.197978515625
ASFV 148700 148800 5584.636547851563
ASFV 148800 148900 1458.1327294921875
ASFV 148900 149000 7573.633544921875
ASFV 149000 149100 14981.231328125
ASFV 149100 149200 20225.59828125
ASFV 149200 149300 23903.0863671875
ASFV 149300 149400 28676.220234375
ASFV 149400 149500 29110.034453125
ASFV 149500 149600 857347.651875
ASFV 149600 149700 5246138.625
ASFV 149700 149800 10308139.04
ASFV 149800 149900 10249352.82
ASFV 149900 150000 8046172.36
ASFV 150000 150100 6139830.82
ASFV 150100 150200 2760134.5
ASFV 150200 150300 1131022.03
ASFV 150300 150400 1361225.48
ASFV 150400 150500 1960013.485
ASFV 150500 150600 2243589.035
ASFV 150600 150700 1692207.21
ASFV 150700 150800 842305.395
ASFV 150800 150900 1077342.9525
ASFV 150900 151000 2111057.1125
ASFV 151000 151100 2804048.59
ASFV 151100 151200 1933934.34875
ASFV 151200 151300 888240.93625
ASFV 151300 151400 1832186.405
ASFV 151400 151500 3284476.35
ASFV 151500 151600 3782051.845
ASFV 151600 151700 3641484.405
ASFV 151700 151800 6316370.43
ASFV 151800 151900 8000366.76
ASFV 151900 152000 6657900.865
ASFV 152000 152100 3601744.52
ASFV 152100 152200 3477628.35
ASFV 152200 152300 3643193.11
ASFV 152300 152400 2772723.725
ASFV 152400 152500 1673558.7675
ASFV 152500 152600 558961.471875
ASFV 152600 152700 122623.33
ASFV 152700 152800 584307.310625
ASFV 152800 152900 2424684.69
ASFV 152900 153000 3496128.59
ASFV 153000 153100 2954048.415
ASFV 153100 153200 2148075.8125
ASFV 153200 153300 1910879.85
ASFV 153300 153400 2478944.8275
ASFV 153400 153500 1992283.1525
ASFV 153500 153600 1101737.1675
ASFV 153600 153700 490625.695
ASFV 153700 153800 88127.52416992188
ASFV 153800 153900 9038.783837890625
ASFV 153900 154000 27850.6844921875
ASFV 154000 154100 45015.02390625
ASFV 154100 154200 37128.0112109375
ASFV 154200 154300 39355.5498046875
ASFV 154300 154400 130996.829453125
ASFV 154400 154500 749917.06125
ASFV 154500 154600 1144274.6575
ASFV 154600 154700 854572.6075
ASFV 154700 154800 538062.3125
ASFV 154800 154900 454409.76
ASFV 154900 155000 364884.940625
ASFV 155000 155100 300196.236875
ASFV 155100 155200 3685097.985
ASFV 155200 155300 24353952.28
ASFV 155300 155400 31066025.52
ASFV 155400 155500 15721061.48
ASFV 155500 155600 4118608.76
ASFV 155600 155700 2402900.83
ASFV 155700 155800 4705736.57
ASFV 155800 155900 5789392.49
ASFV 155900 156000 3430173.92
ASFV 156000 156100 1932129.965
ASFV 156100 156200 1881134.5375
ASFV 156200 156300 1983340.3675
ASFV 156300 156400 1926024.185
ASFV 156400 156500 1562389.855
ASFV 156500 156600 865094.3225
ASFV 156600 156700 392562.55203125
ASFV 156700 156800 68101.89015625
ASFV 156800 156900 115692.9340625
ASFV 156900 157000 213873.0025
ASFV 157000 157100 1187232.795
ASFV 157100 157200 2627711.85
ASFV 157200 157300 3010939.185
ASFV 157300 157400 2281145.595
ASFV 157400 157500 3156940.665
ASFV 157500 157600 3022442.87
ASFV 157600 157700 1256466.5525
ASFV 157700 157800 133160.0825
ASFV 157800 157900 81510.3634375
ASFV 157900 158000 102880.57421875
ASFV 158000 158100 63444.525
ASFV 158100 158200 21088.55115234375
ASFV 158200 158300 45430.08244140625
ASFV 158300 158400 193129.235625
ASFV 158400 158500 291236.943125
ASFV 158500 158600 194554.83
ASFV 158600 158700 65504.7903125
ASFV 158700 158800 88825.6340625
ASFV 158800 158900 437874.64125
ASFV 158900 159000 613376.501875
ASFV 159000 159100 809169.31375
ASFV 159100 159200 1595539.3275
ASFV 159200 159300 1645407.4425
ASFV 159300 159400 1750058.2875
ASFV 159400 159500 1527406.1775
ASFV 159500 159600 630056.761875
ASFV 159600 159700 186180.166875
ASFV 159700 159800 362442.14125
ASFV 159800 159900 1170057.945
ASFV 159900 160000 1626178.89
ASFV 160000 160100 1528467.435
ASFV 160100 160200 1780341.33
ASFV 160200 160300 1540063.665
ASFV 160300 160400 810965.835
ASFV 160400 160500 648765.715
ASFV 160500 160600 648222.01
ASFV 160600 160700 640886.93625
ASFV 160700 160800 569901.50875
ASFV 160800 160900 483207.565625
ASFV 160900 161000 761770.474375
ASFV 161000 161100 1332272.5325
ASFV 161100 161200 1582630.8875
ASFV 161200 161300 1198906.47
ASFV 161300 161400 919368.3025
ASFV 161400 161500 1184177.3175
ASFV 161500 161600 1199791.46
ASFV 161600 161700 767406.335
ASFV 161700 161800 598675.855
ASFV 161800 161900 926455.315
ASFV 161900 162000 1395049.71
ASFV 162000 162100 1501343.0925
ASFV 162100 162200 1458870.1825
ASFV 162200 162300 1862786.21
ASFV 162300 162400 1757337.3075
ASFV 162400 162500 872824.6875
ASFV 162500 162600 2022438.385
ASFV 162600 162700 3832548.89
ASFV 162700 162800 3384629.345
ASFV 162800 162900 2003727.57
ASFV 162900 163000 3716144.965
ASFV 163000 163100 6581298.81
ASFV 163100 163200 7610991.66
ASFV 163200 163300 4803993.92375
ASFV 163300 163400 589519.0725
ASFV 163400 163500 1208003.21375
ASFV 163500 163600 1819888.0375
ASFV 163600 163700 1721070.0075
ASFV 163700 163800 799160.3296875
ASFV 163800 163900 168129.565625
ASFV 163900 164000 236668.801875
ASFV 164000 164100 252946.748125
ASFV 164100 164200 210127.715625
ASFV 164200 164300 199317.948125
ASFV 164300 164400 229855.7071875
ASFV 164400 164500 182534.79875
ASFV 164500 164600 104864.41625
ASFV 164600 164700 90138.14375
ASFV 164700 164800 672475.7425
ASFV 164800 164900 3996457.285
ASFV 164900 165000 6222336.4
ASFV 165000 165100 4189100.89
ASFV 165100 165200 784379.4190625
ASFV 165200 165300 111274.6423828125
ASFV 165300 165400 65535.8467578125
ASFV 165400 165500 114032.672109375
ASFV 165500 165600 149894.650625
ASFV 165600 165700 284374.32125
ASFV 165700 165800 578497.1278125
ASFV 165800 165900 871896.9825
ASFV 165900 166000 1253815.62375
ASFV 166000 166100 1508144.8975
ASFV 166100 166200 1220586.37
ASFV 166200 166300 997573.165
ASFV 166300 166400 1210302.7725
ASFV 166400 166500 1053041.00875
ASFV 166500 166600 566497.084375
ASFV 166600 166700 457845.2809375
ASFV 166700 166800 367748.5515625
ASFV 166800 166900 194135.5609375
ASFV 166900 167000 402720.8596875
ASFV 167000 167100 1076016.80625
ASFV 167100 167200 1587670.84875
ASFV 167200 167300 1427753.73625
ASFV 167300 167400 984877.44625
ASFV 167400 167500 1254408.9875
ASFV 167500 167600 2235507.15375
ASFV 167600 167700 2413370.48
ASFV 167700 167800 1526124.17
ASFV 167800 167900 766360.44125
ASFV 167900 168000 626616.13
ASFV 168000 168100 1075997.97125
ASFV 168100 168200 988909.7025
ASFV 168200 168300 573065.028125
ASFV 168300 168400 439143.7634375
ASFV 168400 168500 400315.6571875
ASFV 168500 168600 255233.2540625
ASFV 168600 168700 116254.1396875
ASFV 168700 168800 62856.39390625
ASFV 168800 168900 63339.315
ASFV 168900 169000 73426.3640234375
ASFV 169000 169100 50522.4851953125
ASFV 169100 169200 41362.0912109375
ASFV 169200 169300 54955.93578125
ASFV 169300 169400 59655.9835546875
ASFV 169400 169500 60006.194140625
ASFV 169500 169600 62354.759921875
ASFV 169600 169700 79081.714140625
ASFV 169700 169800 86976.893515625
ASFV 169800 169900 59904.4641015625
ASFV 169900 170000 23875.6064453125
ASFV 170000 170100 5526.1709375
ASFV 170100 170101 3741.800048828125
