ASFV 37 38 48.0
ASFV 112 113 41.333333333333336
ASFV 187 188 44.0
ASFV 262 263 33.333333333333336
ASFV 337 338 32.0
ASFV 412 413 37.333333333333336
ASFV 487 488 36.0
ASFV 562 563 34.666666666666664
ASFV 637 638 34.666666666666664
ASFV 712 713 37.333333333333336
ASFV 787 788 36.0
ASFV 862 863 34.666666666666664
ASFV 937 938 34.666666666666664
ASFV 1012 1013 34.666666666666664
ASFV 1087 1088 38.666666666666664
ASFV 1162 1163 34.666666666666664
ASFV 1237 1238 36.0
ASFV 1312 1313 33.333333333333336
ASFV 1387 1388 34.666666666666664
ASFV 1462 1463 41.333333333333336
ASFV 1537 1538 33.333333333333336
ASFV 1612 1613 36.0
ASFV 1687 1688 45.333333333333336
ASFV 1762 1763 28.0
ASFV 1837 1838 24.0
ASFV 1912 1913 17.333333333333332
ASFV 1987 1988 28.0
ASFV 2062 2063 25.333333333333332
ASFV 2137 2138 25.333333333333332
ASFV 2212 2213 33.333333333333336
ASFV 2287 2288 21.333333333333332
ASFV 2362 2363 37.333333333333336
ASFV 2437 2438 36.0
ASFV 2512 2513 37.333333333333336
ASFV 2587 2588 29.333333333333332
ASFV 2662 2663 38.666666666666664
ASFV 2737 2738 32.0
ASFV 2812 2813 36.0
ASFV 2887 2888 40.0
ASFV 2962 2963 22.666666666666668
ASFV 3037 3038 29.333333333333332
ASFV 3112 3113 30.666666666666668
ASFV 3187 3188 38.666666666666664
ASFV 3262 3263 26.666666666666668
ASFV 3337 3338 38.666666666666664
ASFV 3412 3413 28.0
ASFV 3487 3488 36.0
ASFV 3562 3563 30.666666666666668
ASFV 3637 3638 37.333333333333336
ASFV 3712 3713 41.333333333333336
ASFV 3787 3788 40.0
ASFV 3862 3863 32.0
ASFV 3937 3938 30.666666666666668
ASFV 4012 4013 40.0
ASFV 4087 4088 40.0
ASFV 4162 4163 24.0
ASFV 4237 4238 28.0
ASFV 4312 4313 36.0
ASFV 4387 4388 30.666666666666668
ASFV 4462 4463 33.333333333333336
ASFV 4537 4538 30.666666666666668
ASFV 4612 4613 30.666666666666668
ASFV 4687 4688 40.0
ASFV 4762 4763 26.666666666666668
ASFV 4837 4838 33.333333333333336
ASFV 4912 4913 21.333333333333332
ASFV 4987 4988 24.0
ASFV 5062 5063 29.333333333333332
ASFV 5137 5138 30.666666666666668
ASFV 5212 5213 38.666666666666664
ASFV 5287 5288 29.333333333333332
ASFV 5362 5363 36.0
ASFV 5437 5438 29.333333333333332
ASFV 5512 5513 32.0
ASFV 5587 5588 42.666666666666664
ASFV 5662 5663 28.0
ASFV 5737 5738 17.333333333333332
ASFV 5812 5813 44.0
ASFV 5887 5888 33.333333333333336
ASFV 5962 5963 42.666666666666664
ASFV 6037 6038 38.666666666666664
ASFV 6112 6113 40.0
ASFV 6187 6188 37.333333333333336
ASFV 6262 6263 36.0
ASFV 6337 6338 25.333333333333332
ASFV 6412 6413 38.666666666666664
ASFV 6487 6488 33.333333333333336
ASFV 6562 6563 36.0
ASFV 6637 6638 40.0
ASFV 6712 6713 26.666666666666668
ASFV 6787 6788 37.333333333333336
ASFV 6862 6863 28.0
ASFV 6937 6938 36.0
ASFV 7012 7013 26.666666666666668
ASFV 7087 7088 32.0
ASFV 7162 7163 44.0
ASFV 7237 7238 36.0
ASFV 7312 7313 36.0
ASFV 7387 7388 29.333333333333332
ASFV 7462 7463 29.333333333333332
ASFV 7537 7538 30.666666666666668
ASFV 7612 7613 34.666666666666664
ASFV 7687 7688 40.0
ASFV 7762 7763 17.333333333333332
ASFV 7837 7838 34.666666666666664
ASFV 7912 7913 30.666666666666668
ASFV 7987 7988 22.666666666666668
ASFV 8062 8063 33.333333333333336
ASFV 8137 8138 25.333333333333332
ASFV 8212 8213 41.333333333333336
ASFV 8287 8288 26.666666666666668
ASFV 8362 8363 33.333333333333336
ASFV 8437 8438 28.0
ASFV 8512 8513 34.666666666666664
ASFV 8587 8588 38.666666666666664
ASFV 8662 8663 25.333333333333332
ASFV 8737 8738 32.0
ASFV 8812 8813 26.666666666666668
ASFV 8887 8888 28.0
ASFV 8962 8963 28.0
ASFV 9037 9038 29.333333333333332
ASFV 9112 9113 41.333333333333336
ASFV 9187 9188 40.0
ASFV 9262 9263 32.0
ASFV 9337 9338 26.666666666666668
ASFV 9412 9413 29.333333333333332
ASFV 9487 9488 36.0
ASFV 9562 9563 36.0
ASFV 9637 9638 36.0
ASFV 9712 9713 28.0
ASFV 9787 9788 34.666666666666664
ASFV 9862 9863 26.666666666666668
ASFV 9937 9938 17.333333333333332
ASFV 10012 10013 36.0
ASFV 10087 10088 37.333333333333336
ASFV 10162 10163 45.333333333333336
ASFV 10237 10238 22.666666666666668
ASFV 10312 10313 32.0
ASFV 10387 10388 32.0
ASFV 10462 10463 29.333333333333332
ASFV 10537 10538 30.666666666666668
ASFV 10612 10613 34.666666666666664
ASFV 10687 10688 38.666666666666664
ASFV 10762 10763 34.666666666666664
ASFV 10837 10838 45.333333333333336
ASFV 10912 10913 37.333333333333336
ASFV 10987 10988 36.0
ASFV 11062 11063 40.0
ASFV 11137 11138 38.666666666666664
ASFV 11212 11213 30.666666666666668
ASFV 11287 11288 34.666666666666664
ASFV 11362 11363 36.0
ASFV 11437 11438 42.666666666666664
ASFV 11512 11513 32.0
ASFV 11587 11588 46.666666666666664
ASFV 11662 11663 33.333333333333336
ASFV 11737 11738 41.333333333333336
ASFV 11812 11813 26.666666666666668
ASFV 11887 11888 37.333333333333336
ASFV 11962 11963 36.0
ASFV 12037 12038 38.666666666666664
ASFV 12112 12113 36.0
ASFV 12187 12188 28.0
ASFV 12262 12263 28.0
ASFV 12337 12338 25.333333333333332
ASFV 12412 12413 26.666666666666668
ASFV 12487 12488 32.0
ASFV 12562 12563 33.333333333333336
ASFV 12637 12638 37.333333333333336
ASFV 12712 12713 49.333333333333336
ASFV 12787 12788 34.666666666666664
ASFV 12862 12863 46.666666666666664
ASFV 12937 12938 40.0
ASFV 13012 13013 37.333333333333336
ASFV 13087 13088 36.0
ASFV 13162 13163 41.333333333333336
ASFV 13237 13238 33.333333333333336
ASFV 13312 13313 40.0
ASFV 13387 13388 40.0
ASFV 13462 13463 38.666666666666664
ASFV 13537 13538 37.333333333333336
ASFV 13612 13613 30.666666666666668
ASFV 13687 13688 34.666666666666664
ASFV 13762 13763 44.0
ASFV 13837 13838 37.333333333333336
ASFV 13912 13913 44.0
ASFV 13987 13988 36.0
ASFV 14062 14063 42.666666666666664
ASFV 14137 14138 36.0
ASFV 14212 14213 34.666666666666664
ASFV 14287 14288 28.0
ASFV 14362 14363 34.666666666666664
ASFV 14437 14438 32.0
ASFV 14512 14513 41.333333333333336
ASFV 14587 14588 36.0
ASFV 14662 14663 34.666666666666664
ASFV 14737 14738 32.0
ASFV 14812 14813 40.0
ASFV 14887 14888 24.0
ASFV 14962 14963 29.333333333333332
ASFV 15037 15038 26.666666666666668
ASFV 15112 15113 25.333333333333332
ASFV 15187 15188 36.0
ASFV 15262 15263 32.0
ASFV 15337 15338 36.0
ASFV 15412 15413 40.0
ASFV 15487 15488 24.0
ASFV 15562 15563 32.0
ASFV 15637 15638 26.666666666666668
ASFV 15712 15713 32.0
ASFV 15787 15788 32.0
ASFV 15862 15863 34.666666666666664
ASFV 15937 15938 34.666666666666664
ASFV 16012 16013 30.666666666666668
ASFV 16087 16088 32.0
ASFV 16162 16163 37.333333333333336
ASFV 16237 16238 30.666666666666668
ASFV 16312 16313 33.333333333333336
ASFV 16387 16388 38.666666666666664
ASFV 16462 16463 25.333333333333332
ASFV 16537 16538 34.666666666666664
ASFV 16612 16613 22.666666666666668
ASFV 16687 16688 29.333333333333332
ASFV 16762 16763 30.666666666666668
ASFV 16837 16838 28.0
ASFV 16912 16913 40.0
ASFV 16987 16988 34.666666666666664
ASFV 17062 17063 36.0
ASFV 17137 17138 32.0
ASFV 17212 17213 29.333333333333332
ASFV 17287 17288 34.666666666666664
ASFV 17362 17363 34.666666666666664
ASFV 17437 17438 22.666666666666668
ASFV 17512 17513 40.0
ASFV 17587 17588 34.666666666666664
ASFV 17662 17663 41.333333333333336
ASFV 17737 17738 41.333333333333336
ASFV 17812 17813 28.0
ASFV 17887 17888 16.0
ASFV 17962 17963 25.333333333333332
ASFV 18037 18038 30.666666666666668
ASFV 18112 18113 33.333333333333336
ASFV 18187 18188 25.333333333333332
ASFV 18262 18263 25.333333333333332
ASFV 18337 18338 40.0
ASFV 18412 18413 17.333333333333332
ASFV 18487 18488 18.666666666666668
ASFV 18562 18563 36.0
ASFV 18637 18638 28.0
ASFV 18712 18713 26.666666666666668
ASFV 18787 18788 28.0
ASFV 18862 18863 28.0
ASFV 18937 18938 28.0
ASFV 19012 19013 28.0
ASFV 19087 19088 24.0
ASFV 19162 19163 33.333333333333336
ASFV 19237 19238 34.666666666666664
ASFV 19312 19313 38.666666666666664
ASFV 19387 19388 32.0
ASFV 19462 19463 30.666666666666668
ASFV 19537 19538 22.666666666666668
ASFV 19612 19613 20.0
ASFV 19687 19688 26.666666666666668
ASFV 19762 19763 30.666666666666668
ASFV 19837 19838 32.0
ASFV 19912 19913 26.666666666666668
ASFV 19987 19988 28.0
ASFV 20062 20063 29.333333333333332
ASFV 20137 20138 26.666666666666668
ASFV 20212 20213 26.666666666666668
ASFV 20287 20288 37.333333333333336
ASFV 20362 20363 40.0
ASFV 20437 20438 40.0
ASFV 20512 20513 22.666666666666668
ASFV 20587 20588 29.333333333333332
ASFV 20662 20663 29.333333333333332
ASFV 20737 20738 28.0
ASFV 20812 20813 32.0
ASFV 20887 20888 24.0
ASFV 20962 20963 34.666666666666664
ASFV 21037 21038 36.0
ASFV 21112 21113 33.333333333333336
ASFV 21187 21188 29.333333333333332
ASFV 21262 21263 32.0
ASFV 21337 21338 29.333333333333332
ASFV 21412 21413 34.666666666666664
ASFV 21487 21488 42.666666666666664
ASFV 21562 21563 26.666666666666668
ASFV 21637 21638 25.333333333333332
ASFV 21712 21713 36.0
ASFV 21787 21788 40.0
ASFV 21862 21863 36.0
ASFV 21937 21938 33.333333333333336
ASFV 22012 22013 29.333333333333332
ASFV 22087 22088 24.0
ASFV 22162 22163 22.666666666666668
ASFV 22237 22238 24.0
ASFV 22312 22313 36.0
ASFV 22387 22388 29.333333333333332
ASFV 22462 22463 26.666666666666668
ASFV 22537 22538 38.666666666666664
ASFV 22612 22613 33.333333333333336
ASFV 22687 22688 34.666666666666664
ASFV 22762 22763 28.0
ASFV 22837 22838 40.0
ASFV 22912 22913 28.0
ASFV 22987 22988 28.0
ASFV 23062 23063 24.0
ASFV 23137 23138 29.333333333333332
ASFV 23212 23213 26.666666666666668
ASFV 23287 23288 32.0
ASFV 23362 23363 38.666666666666664
ASFV 23437 23438 26.666666666666668
ASFV 23512 23513 34.666666666666664
ASFV 23587 23588 45.333333333333336
ASFV 23662 23663 28.0
ASFV 23737 23738 21.333333333333332
ASFV 23812 23813 28.0
ASFV 23887 23888 30.666666666666668
ASFV 23962 23963 26.666666666666668
ASFV 24037 24038 36.0
ASFV 24112 24113 37.333333333333336
ASFV 24187 24188 30.666666666666668
ASFV 24262 24263 38.666666666666664
ASFV 24337 24338 32.0
ASFV 24412 24413 38.666666666666664
ASFV 24487 24488 26.666666666666668
ASFV 24562 24563 29.333333333333332
ASFV 24637 24638 30.666666666666668
ASFV 24712 24713 29.333333333333332
ASFV 24787 24788 24.0
ASFV 24862 24863 25.333333333333332
ASFV 24937 24938 30.666666666666668
ASFV 25012 25013 29.333333333333332
ASFV 25087 25088 28.0
ASFV 25162 25163 30.666666666666668
ASFV 25237 25238 37.333333333333336
ASFV 25312 25313 45.333333333333336
ASFV 25387 25388 50.666666666666664
ASFV 25462 25463 34.666666666666664
ASFV 25537 25538 40.0
ASFV 25612 25613 24.0
ASFV 25687 25688 32.0
ASFV 25762 25763 26.666666666666668
ASFV 25837 25838 24.0
ASFV 25912 25913 32.0
ASFV 25987 25988 24.0
ASFV 26062 26063 33.333333333333336
ASFV 26137 26138 44.0
ASFV 26212 26213 24.0
ASFV 26287 26288 36.0
ASFV 26362 26363 29.333333333333332
ASFV 26437 26438 30.666666666666668
ASFV 26512 26513 20.0
ASFV 26587 26588 30.666666666666668
ASFV 26662 26663 20.0
ASFV 26737 26738 20.0
ASFV 26812 26813 26.666666666666668
ASFV 26887 26888 37.333333333333336
ASFV 26962 26963 34.666666666666664
ASFV 27037 27038 26.666666666666668
ASFV 27112 27113 36.0
ASFV 27187 27188 42.666666666666664
ASFV 27262 27263 42.666666666666664
ASFV 27337 27338 40.0
ASFV 27412 27413 32.0
ASFV 27487 27488 21.333333333333332
ASFV 27562 27563 24.0
ASFV 27637 27638 24.0
ASFV 27712 27713 26.666666666666668
ASFV 27787 27788 32.0
ASFV 27862 27863 24.0
ASFV 27937 27938 34.666666666666664
ASFV 28012 28013 30.666666666666668
ASFV 28087 28088 34.666666666666664
ASFV 28162 28163 24.0
ASFV 28237 28238 26.666666666666668
ASFV 28312 28313 28.0
ASFV 28387 28388 25.333333333333332
ASFV 28462 28463 32.0
ASFV 28537 28538 22.666666666666668
ASFV 28612 28613 21.333333333333332
ASFV 28687 28688 33.333333333333336
ASFV 28762 28763 30.666666666666668
ASFV 28837 28838 34.666666666666664
ASFV 28912 28913 32.0
ASFV 28987 28988 30.666666666666668
ASFV 29062 29063 40.0
ASFV 29137 29138 28.0
ASFV 29212 29213 29.333333333333332
ASFV 29287 29288 44.0
ASFV 29362 29363 42.666666666666664
ASFV 29437 29438 26.666666666666668
ASFV 29512 29513 30.666666666666668
ASFV 29587 29588 30.666666666666668
ASFV 29662 29663 29.333333333333332
ASFV 29737 29738 30.666666666666668
ASFV 29812 29813 42.666666666666664
ASFV 29887 29888 30.666666666666668
ASFV 29962 29963 29.333333333333332
ASFV 30037 30038 32.0
ASFV 30112 30113 33.333333333333336
ASFV 30187 30188 17.333333333333332
ASFV 30262 30263 24.0
ASFV 30337 30338 21.333333333333332
ASFV 30412 30413 13.333333333333334
ASFV 30487 30488 33.333333333333336
ASFV 30562 30563 36.0
ASFV 30637 30638 34.666666666666664
ASFV 30712 30713 40.0
ASFV 30787 30788 22.666666666666668
ASFV 30862 30863 32.0
ASFV 30937 30938 38.666666666666664
ASFV 31012 31013 28.0
ASFV 31087 31088 32.0
ASFV 31162 31163 40.0
ASFV 31237 31238 37.333333333333336
ASFV 31312 31313 41.333333333333336
ASFV 31387 31388 28.0
ASFV 31462 31463 29.333333333333332
ASFV 31537 31538 26.666666666666668
ASFV 31612 31613 38.666666666666664
ASFV 31687 31688 25.333333333333332
ASFV 31762 31763 32.0
ASFV 31837 31838 38.666666666666664
ASFV 31912 31913 33.333333333333336
ASFV 31987 31988 40.0
ASFV 32062 32063 56.0
ASFV 32137 32138 46.666666666666664
ASFV 32212 32213 33.333333333333336
ASFV 32287 32288 37.333333333333336
ASFV 32362 32363 36.0
ASFV 32437 32438 25.333333333333332
ASFV 32512 32513 34.666666666666664
ASFV 32587 32588 22.666666666666668
ASFV 32662 32663 24.0
ASFV 32737 32738 25.333333333333332
ASFV 32812 32813 21.333333333333332
ASFV 32887 32888 40.0
ASFV 32962 32963 22.666666666666668
ASFV 33037 33038 22.666666666666668
ASFV 33112 33113 26.666666666666668
ASFV 33187 33188 42.666666666666664
ASFV 33262 33263 26.666666666666668
ASFV 33337 33338 28.0
ASFV 33412 33413 28.0
ASFV 33487 33488 32.0
ASFV 33562 33563 26.666666666666668
ASFV 33637 33638 26.666666666666668
ASFV 33712 33713 32.0
ASFV 33787 33788 26.666666666666668
ASFV 33862 33863 37.333333333333336
ASFV 33937 33938 32.0
ASFV 34012 34013 25.333333333333332
ASFV 34087 34088 18.666666666666668
ASFV 34162 34163 24.0
ASFV 34237 34238 17.333333333333332
ASFV 34312 34313 21.333333333333332
ASFV 34387 34388 25.333333333333332
ASFV 34462 34463 20.0
ASFV 34537 34538 22.666666666666668
ASFV 34612 34613 24.0
ASFV 34687 34688 26.666666666666668
ASFV 34762 34763 25.333333333333332
ASFV 34837 34838 24.0
ASFV 34912 34913 18.666666666666668
ASFV 34987 34988 26.666666666666668
ASFV 35062 35063 33.333333333333336
ASFV 35137 35138 20.0
ASFV 35212 35213 26.666666666666668
ASFV 35287 35288 33.333333333333336
ASFV 35362 35363 22.666666666666668
ASFV 35437 35438 25.333333333333332
ASFV 35512 35513 14.666666666666666
ASFV 35587 35588 26.666666666666668
ASFV 35662 35663 28.0
ASFV 35737 35738 24.0
ASFV 35812 35813 37.333333333333336
ASFV 35887 35888 22.666666666666668
ASFV 35962 35963 29.333333333333332
ASFV 36037 36038 32.0
ASFV 36112 36113 17.333333333333332
ASFV 36187 36188 26.666666666666668
ASFV 36262 36263 21.333333333333332
ASFV 36337 36338 34.666666666666664
ASFV 36412 36413 25.333333333333332
ASFV 36487 36488 25.333333333333332
ASFV 36562 36563 30.666666666666668
ASFV 36637 36638 26.666666666666668
ASFV 36712 36713 42.666666666666664
ASFV 36787 36788 38.666666666666664
ASFV 36862 36863 20.0
ASFV 36937 36938 32.0
ASFV 37012 37013 36.0
ASFV 37087 37088 25.333333333333332
ASFV 37162 37163 38.666666666666664
ASFV 37237 37238 25.333333333333332
ASFV 37312 37313 34.666666666666664
ASFV 37387 37388 40.0
ASFV 37462 37463 21.333333333333332
ASFV 37537 37538 30.666666666666668
ASFV 37612 37613 24.0
ASFV 37687 37688 32.0
ASFV 37762 37763 28.0
ASFV 37837 37838 20.0
ASFV 37912 37913 21.333333333333332
ASFV 37987 37988 40.0
ASFV 38062 38063 30.666666666666668
ASFV 38137 38138 28.0
ASFV 38212 38213 34.666666666666664
ASFV 38287 38288 30.666666666666668
ASFV 38362 38363 33.333333333333336
ASFV 38437 38438 22.666666666666668
ASFV 38512 38513 26.666666666666668
ASFV 38587 38588 28.0
ASFV 38662 38663 17.333333333333332
ASFV 38737 38738 24.0
ASFV 38812 38813 26.666666666666668
ASFV 38887 38888 40.0
ASFV 38962 38963 30.666666666666668
ASFV 39037 39038 34.666666666666664
ASFV 39112 39113 28.0
ASFV 39187 39188 29.333333333333332
ASFV 39262 39263 38.666666666666664
ASFV 39337 39338 32.0
ASFV 39412 39413 16.0
ASFV 39487 39488 16.0
ASFV 39562 39563 28.0
ASFV 39637 39638 37.333333333333336
ASFV 39712 39713 22.666666666666668
ASFV 39787 39788 28.0
ASFV 39862 39863 33.333333333333336
ASFV 39937 39938 34.666666666666664
ASFV 40012 40013 32.0
ASFV 40087 40088 22.666666666666668
ASFV 40162 40163 21.333333333333332
ASFV 40237 40238 28.0
ASFV 40312 40313 25.333333333333332
ASFV 40387 40388 26.666666666666668
ASFV 40462 40463 22.666666666666668
ASFV 40537 40538 25.333333333333332
ASFV 40612 40613 26.666666666666668
ASFV 40687 40688 21.333333333333332
ASFV 40762 40763 22.666666666666668
ASFV 40837 40838 24.0
ASFV 40912 40913 26.666666666666668
ASFV 40987 40988 21.333333333333332
ASFV 41062 41063 24.0
ASFV 41137 41138 29.333333333333332
ASFV 41212 41213 22.666666666666668
ASFV 41287 41288 24.0
ASFV 41362 41363 18.666666666666668
ASFV 41437 41438 28.0
ASFV 41512 41513 17.333333333333332
ASFV 41587 41588 28.0
ASFV 41662 41663 12.0
ASFV 41737 41738 20.0
ASFV 41812 41813 36.0
ASFV 41887 41888 25.333333333333332
ASFV 41962 41963 22.666666666666668
ASFV 42037 42038 29.333333333333332
ASFV 42112 42113 25.333333333333332
ASFV 42187 42188 20.0
ASFV 42262 42263 18.666666666666668
ASFV 42337 42338 42.666666666666664
ASFV 42412 42413 22.666666666666668
ASFV 42487 42488 36.0
ASFV 42562 42563 25.333333333333332
ASFV 42637 42638 33.333333333333336
ASFV 42712 42713 33.333333333333336
ASFV 42787 42788 17.333333333333332
ASFV 42862 42863 29.333333333333332
ASFV 42937 42938 25.333333333333332
ASFV 43012 43013 28.0
ASFV 43087 43088 32.0
ASFV 43162 43163 37.333333333333336
ASFV 43237 43238 22.666666666666668
ASFV 43312 43313 20.0
ASFV 43387 43388 32.0
ASFV 43462 43463 18.666666666666668
ASFV 43537 43538 20.0
ASFV 43612 43613 25.333333333333332
ASFV 43687 43688 24.0
ASFV 43762 43763 22.666666666666668
ASFV 43837 43838 24.0
ASFV 43912 43913 30.666666666666668
ASFV 43987 43988 36.0
ASFV 44062 44063 34.666666666666664
ASFV 44137 44138 28.0
ASFV 44212 44213 30.666666666666668
ASFV 44287 44288 32.0
ASFV 44362 44363 28.0
ASFV 44437 44438 37.333333333333336
ASFV 44512 44513 21.333333333333332
ASFV 44587 44588 28.0
ASFV 44662 44663 28.0
ASFV 44737 44738 22.666666666666668
ASFV 44812 44813 24.0
ASFV 44887 44888 28.0
ASFV 44962 44963 24.0
ASFV 45037 45038 36.0
ASFV 45112 45113 24.0
ASFV 45187 45188 25.333333333333332
ASFV 45262 45263 22.666666666666668
ASFV 45337 45338 30.666666666666668
ASFV 45412 45413 29.333333333333332
ASFV 45487 45488 29.333333333333332
ASFV 45562 45563 38.666666666666664
ASFV 45637 45638 28.0
ASFV 45712 45713 34.666666666666664
ASFV 45787 45788 36.0
ASFV 45862 45863 24.0
ASFV 45937 45938 30.666666666666668
ASFV 46012 46013 22.666666666666668
ASFV 46087 46088 40.0
ASFV 46162 46163 21.333333333333332
ASFV 46237 46238 29.333333333333332
ASFV 46312 46313 18.666666666666668
ASFV 46387 46388 24.0
ASFV 46462 46463 12.0
ASFV 46537 46538 25.333333333333332
ASFV 46612 46613 25.333333333333332
ASFV 46687 46688 22.666666666666668
ASFV 46762 46763 49.333333333333336
ASFV 46837 46838 14.666666666666666
ASFV 46912 46913 26.666666666666668
ASFV 46987 46988 24.0
ASFV 47062 47063 25.333333333333332
ASFV 47137 47138 33.333333333333336
ASFV 47212 47213 14.666666666666666
ASFV 47287 47288 33.333333333333336
ASFV 47362 47363 24.0
ASFV 47437 47438 36.0
ASFV 47512 47513 21.333333333333332
ASFV 47587 47588 33.333333333333336
ASFV 47662 47663 34.666666666666664
ASFV 47737 47738 24.0
ASFV 47812 47813 32.0
ASFV 47887 47888 37.333333333333336
ASFV 47962 47963 37.333333333333336
ASFV 48037 48038 16.0
ASFV 48112 48113 38.666666666666664
ASFV 48187 48188 22.666666666666668
ASFV 48262 48263 30.666666666666668
ASFV 48337 48338 22.666666666666668
ASFV 48412 48413 28.0
ASFV 48487 48488 25.333333333333332
ASFV 48562 48563 33.333333333333336
ASFV 48637 48638 26.666666666666668
ASFV 48712 48713 17.333333333333332
ASFV 48787 48788 25.333333333333332
ASFV 48862 48863 30.666666666666668
ASFV 48937 48938 32.0
ASFV 49012 49013 26.666666666666668
ASFV 49087 49088 32.0
ASFV 49162 49163 38.666666666666664
ASFV 49237 49238 29.333333333333332
ASFV 49312 49313 36.0
ASFV 49387 49388 29.333333333333332
ASFV 49462 49463 26.666666666666668
ASFV 49537 49538 22.666666666666668
ASFV 49612 49613 17.333333333333332
ASFV 49687 49688 18.666666666666668
ASFV 49762 49763 20.0
ASFV 49837 49838 21.333333333333332
ASFV 49912 49913 22.666666666666668
ASFV 49987 49988 17.333333333333332
ASFV 50062 50063 17.333333333333332
ASFV 50137 50138 18.666666666666668
ASFV 50212 50213 22.666666666666668
ASFV 50287 50288 18.666666666666668
ASFV 50362 50363 22.666666666666668
ASFV 50437 50438 18.666666666666668
ASFV 50512 50513 26.666666666666668
ASFV 50587 50588 26.666666666666668
ASFV 50662 50663 30.666666666666668
ASFV 50737 50738 21.333333333333332
ASFV 50812 50813 22.666666666666668
ASFV 50887 50888 28.0
ASFV 50962 50963 28.0
ASFV 51037 51038 12.0
ASFV 51112 51113 26.666666666666668
ASFV 51187 51188 24.0
ASFV 51262 51263 25.333333333333332
ASFV 51337 51338 25.333333333333332
ASFV 51412 51413 24.0
ASFV 51487 51488 20.0
ASFV 51562 51563 25.333333333333332
ASFV 51637 51638 24.0
ASFV 51712 51713 25.333333333333332
ASFV 51787 51788 29.333333333333332
ASFV 51862 51863 18.666666666666668
ASFV 51937 51938 37.333333333333336
ASFV 52012 52013 25.333333333333332
ASFV 52087 52088 32.0
ASFV 52162 52163 21.333333333333332
ASFV 52237 52238 25.333333333333332
ASFV 52312 52313 32.0
ASFV 52387 52388 30.666666666666668
ASFV 52462 52463 22.666666666666668
ASFV 52537 52538 18.666666666666668
ASFV 52612 52613 16.0
ASFV 52687 52688 22.666666666666668
ASFV 52762 52763 28.0
ASFV 52837 52838 24.0
ASFV 52912 52913 26.666666666666668
ASFV 52987 52988 24.0
ASFV 53062 53063 24.0
ASFV 53137 53138 41.333333333333336
ASFV 53212 53213 28.0
ASFV 53287 53288 36.0
ASFV 53362 53363 38.666666666666664
ASFV 53437 53438 40.0
ASFV 53512 53513 26.666666666666668
ASFV 53587 53588 25.333333333333332
ASFV 53662 53663 25.333333333333332
ASFV 53737 53738 24.0
ASFV 53812 53813 32.0
ASFV 53887 53888 38.666666666666664
ASFV 53962 53963 29.333333333333332
ASFV 54037 54038 28.0
ASFV 54112 54113 20.0
ASFV 54187 54188 25.333333333333332
ASFV 54262 54263 28.0
ASFV 54337 54338 42.666666666666664
ASFV 54412 54413 24.0
ASFV 54487 54488 29.333333333333332
ASFV 54562 54563 29.333333333333332
ASFV 54637 54638 32.0
ASFV 54712 54713 30.666666666666668
ASFV 54787 54788 29.333333333333332
ASFV 54862 54863 37.333333333333336
ASFV 54937 54938 34.666666666666664
ASFV 55012 55013 42.666666666666664
ASFV 55087 55088 45.333333333333336
ASFV 55162 55163 41.333333333333336
ASFV 55237 55238 40.0
ASFV 55312 55313 33.333333333333336
ASFV 55387 55388 34.666666666666664
ASFV 55462 55463 25.333333333333332
ASFV 55537 55538 40.0
ASFV 55612 55613 34.666666666666664
ASFV 55687 55688 24.0
ASFV 55762 55763 34.666666666666664
ASFV 55837 55838 41.333333333333336
ASFV 55912 55913 42.666666666666664
ASFV 55987 55988 38.666666666666664
ASFV 56062 56063 38.666666666666664
ASFV 56137 56138 37.333333333333336
ASFV 56212 56213 38.666666666666664
ASFV 56287 56288 44.0
ASFV 56362 56363 44.0
ASFV 56437 56438 41.333333333333336
ASFV 56512 56513 40.0
ASFV 56587 56588 32.0
ASFV 56662 56663 38.666666666666664
ASFV 56737 56738 38.666666666666664
ASFV 56812 56813 34.666666666666664
ASFV 56887 56888 50.666666666666664
ASFV 56962 56963 17.333333333333332
ASFV 57037 57038 26.666666666666668
ASFV 57112 57113 26.666666666666668
ASFV 57187 57188 14.666666666666666
ASFV 57262 57263 22.666666666666668
ASFV 57337 57338 24.0
ASFV 57412 57413 36.0
ASFV 57487 57488 41.333333333333336
ASFV 57562 57563 34.666666666666664
ASFV 57637 57638 32.0
ASFV 57712 57713 26.666666666666668
ASFV 57787 57788 24.0
ASFV 57862 57863 29.333333333333332
ASFV 57937 57938 34.666666666666664
ASFV 58012 58013 29.333333333333332
ASFV 58087 58088 22.666666666666668
ASFV 58162 58163 29.333333333333332
ASFV 58237 58238 40.0
ASFV 58312 58313 36.0
ASFV 58387 58388 33.333333333333336
ASFV 58462 58463 26.666666666666668
ASFV 58537 58538 29.333333333333332
ASFV 58612 58613 40.0
ASFV 58687 58688 37.333333333333336
ASFV 58762 58763 36.0
ASFV 58837 58838 28.0
ASFV 58912 58913 32.0
ASFV 58987 58988 32.0
ASFV 59062 59063 32.0
ASFV 59137 59138 25.333333333333332
ASFV 59212 59213 40.0
ASFV 59287 59288 16.0
ASFV 59362 59363 20.0
ASFV 59437 59438 12.0
ASFV 59512 59513 28.0
ASFV 59587 59588 36.0
ASFV 59662 59663 26.666666666666668
ASFV 59737 59738 18.666666666666668
ASFV 59812 59813 20.0
ASFV 59887 59888 24.0
ASFV 59962 59963 24.0
ASFV 60037 60038 24.0
ASFV 60112 60113 37.333333333333336
ASFV 60187 60188 20.0
ASFV 60262 60263 32.0
ASFV 60337 60338 18.666666666666668
ASFV 60412 60413 28.0
ASFV 60487 60488 25.333333333333332
ASFV 60562 60563 29.333333333333332
ASFV 60637 60638 25.333333333333332
ASFV 60712 60713 38.666666666666664
ASFV 60787 60788 25.333333333333332
ASFV 60862 60863 30.666666666666668
ASFV 60937 60938 28.0
ASFV 61012 61013 24.0
ASFV 61087 61088 20.0
ASFV 61162 61163 24.0
ASFV 61237 61238 28.0
ASFV 61312 61313 16.0
ASFV 61387 61388 25.333333333333332
ASFV 61462 61463 21.333333333333332
ASFV 61537 61538 21.333333333333332
ASFV 61612 61613 33.333333333333336
ASFV 61687 61688 30.666666666666668
ASFV 61762 61763 18.666666666666668
ASFV 61837 61838 29.333333333333332
ASFV 61912 61913 13.333333333333334
ASFV 61987 61988 32.0
ASFV 62062 62063 30.666666666666668
ASFV 62137 62138 25.333333333333332
ASFV 62212 62213 17.333333333333332
ASFV 62287 62288 30.666666666666668
ASFV 62362 62363 25.333333333333332
ASFV 62437 62438 24.0
ASFV 62512 62513 30.666666666666668
ASFV 62587 62588 22.666666666666668
ASFV 62662 62663 21.333333333333332
ASFV 62737 62738 16.0
ASFV 62812 62813 22.666666666666668
ASFV 62887 62888 26.666666666666668
ASFV 62962 62963 20.0
ASFV 63037 63038 25.333333333333332
ASFV 63112 63113 21.333333333333332
ASFV 63187 63188 32.0
ASFV 63262 63263 22.666666666666668
ASFV 63337 63338 32.0
ASFV 63412 63413 26.666666666666668
ASFV 63487 63488 36.0
ASFV 63562 63563 22.666666666666668
ASFV 63637 63638 37.333333333333336
ASFV 63712 63713 24.0
ASFV 63787 63788 24.0
ASFV 63862 63863 40.0
ASFV 63937 63938 36.0
ASFV 64012 64013 30.666666666666668
ASFV 64087 64088 30.666666666666668
ASFV 64162 64163 44.0
ASFV 64237 64238 44.0
ASFV 64312 64313 36.0
ASFV 64387 64388 32.0
ASFV 64462 64463 25.333333333333332
ASFV 64537 64538 20.0
ASFV 64612 64613 38.666666666666664
ASFV 64687 64688 26.666666666666668
ASFV 64762 64763 22.666666666666668
ASFV 64837 64838 28.0
ASFV 64912 64913 24.0
ASFV 64987 64988 45.333333333333336
ASFV 65062 65063 29.333333333333332
ASFV 65137 65138 21.333333333333332
ASFV 65212 65213 30.666666666666668
ASFV 65287 65288 29.333333333333332
ASFV 65362 65363 30.666666666666668
ASFV 65437 65438 21.333333333333332
ASFV 65512 65513 33.333333333333336
ASFV 65587 65588 33.333333333333336
ASFV 65662 65663 30.666666666666668
ASFV 65737 65738 29.333333333333332
ASFV 65812 65813 26.666666666666668
ASFV 65887 65888 33.333333333333336
ASFV 65962 65963 36.0
ASFV 66037 66038 21.333333333333332
ASFV 66112 66113 34.666666666666664
ASFV 66187 66188 30.666666666666668
ASFV 66262 66263 32.0
ASFV 66337 66338 22.666666666666668
ASFV 66412 66413 20.0
ASFV 66487 66488 26.666666666666668
ASFV 66562 66563 28.0
ASFV 66637 66638 29.333333333333332
ASFV 66712 66713 42.666666666666664
ASFV 66787 66788 32.0
ASFV 66862 66863 28.0
ASFV 66937 66938 40.0
ASFV 67012 67013 28.0
ASFV 67087 67088 29.333333333333332
ASFV 67162 67163 24.0
ASFV 67237 67238 34.666666666666664
ASFV 67312 67313 20.0
ASFV 67387 67388 28.0
ASFV 67462 67463 30.666666666666668
ASFV 67537 67538 26.666666666666668
ASFV 67612 67613 33.333333333333336
ASFV 67687 67688 34.666666666666664
ASFV 67762 67763 40.0
ASFV 67837 67838 34.666666666666664
ASFV 67912 67913 21.333333333333332
ASFV 67987 67988 21.333333333333332
ASFV 68062 68063 22.666666666666668
ASFV 68137 68138 33.333333333333336
ASFV 68212 68213 38.666666666666664
ASFV 68287 68288 21.333333333333332
ASFV 68362 68363 18.666666666666668
ASFV 68437 68438 32.0
ASFV 68512 68513 20.0
ASFV 68587 68588 24.0
ASFV 68662 68663 29.333333333333332
ASFV 68737 68738 26.666666666666668
ASFV 68812 68813 25.333333333333332
ASFV 68887 68888 29.333333333333332
ASFV 68962 68963 20.0
ASFV 69037 69038 33.333333333333336
ASFV 69112 69113 38.666666666666664
ASFV 69187 69188 30.666666666666668
ASFV 69262 69263 20.0
ASFV 69337 69338 22.666666666666668
ASFV 69412 69413 22.666666666666668
ASFV 69487 69488 28.0
ASFV 69562 69563 28.0
ASFV 69637 69638 28.0
ASFV 69712 69713 32.0
ASFV 69787 69788 20.0
ASFV 69862 69863 24.0
ASFV 69937 69938 30.666666666666668
ASFV 70012 70013 24.0
ASFV 70087 70088 41.333333333333336
ASFV 70162 70163 21.333333333333332
ASFV 70237 70238 33.333333333333336
ASFV 70312 70313 29.333333333333332
ASFV 70387 70388 26.666666666666668
ASFV 70462 70463 29.333333333333332
ASFV 70537 70538 21.333333333333332
ASFV 70612 70613 33.333333333333336
ASFV 70687 70688 29.333333333333332
ASFV 70762 70763 26.666666666666668
ASFV 70837 70838 28.0
ASFV 70912 70913 30.666666666666668
ASFV 70987 70988 29.333333333333332
ASFV 71062 71063 41.333333333333336
ASFV 71137 71138 26.666666666666668
ASFV 71212 71213 20.0
ASFV 71287 71288 26.666666666666668
ASFV 71362 71363 24.0
ASFV 71437 71438 26.666666666666668
ASFV 71512 71513 16.0
ASFV 71587 71588 25.333333333333332
ASFV 71662 71663 38.666666666666664
ASFV 71737 71738 40.0
ASFV 71812 71813 26.666666666666668
ASFV 71887 71888 36.0
ASFV 71962 71963 29.333333333333332
ASFV 72037 72038 26.666666666666668
ASFV 72112 72113 24.0
ASFV 72187 72188 18.666666666666668
ASFV 72262 72263 22.666666666666668
ASFV 72337 72338 24.0
ASFV 72412 72413 22.666666666666668
ASFV 72487 72488 33.333333333333336
ASFV 72562 72563 18.666666666666668
ASFV 72637 72638 24.0
ASFV 72712 72713 24.0
ASFV 72787 72788 33.333333333333336
ASFV 72862 72863 16.0
ASFV 72937 72938 32.0
ASFV 73012 73013 24.0
ASFV 73087 73088 18.666666666666668
ASFV 73162 73163 20.0
ASFV 73237 73238 28.0
ASFV 73312 73313 25.333333333333332
ASFV 73387 73388 21.333333333333332
ASFV 73462 73463 21.333333333333332
ASFV 73537 73538 26.666666666666668
ASFV 73612 73613 32.0
ASFV 73687 73688 25.333333333333332
ASFV 73762 73763 26.666666666666668
ASFV 73837 73838 24.0
ASFV 73912 73913 30.666666666666668
ASFV 73987 73988 28.0
ASFV 74062 74063 16.0
ASFV 74137 74138 20.0
ASFV 74212 74213 17.333333333333332
ASFV 74287 74288 20.0
ASFV 74362 74363 21.333333333333332
ASFV 74437 74438 22.666666666666668
ASFV 74512 74513 20.0
ASFV 74587 74588 20.0
ASFV 74662 74663 20.0
ASFV 74737 74738 28.0
ASFV 74812 74813 18.666666666666668
ASFV 74887 74888 21.333333333333332
ASFV 74962 74963 34.666666666666664
ASFV 75037 75038 20.0
ASFV 75112 75113 30.666666666666668
ASFV 75187 75188 20.0
ASFV 75262 75263 36.0
ASFV 75337 75338 26.666666666666668
ASFV 75412 75413 37.333333333333336
ASFV 75487 75488 25.333333333333332
ASFV 75562 75563 28.0
ASFV 75637 75638 24.0
ASFV 75712 75713 29.333333333333332
ASFV 75787 75788 33.333333333333336
ASFV 75862 75863 33.333333333333336
ASFV 75937 75938 29.333333333333332
ASFV 76012 76013 21.333333333333332
ASFV 76087 76088 32.0
ASFV 76162 76163 37.333333333333336
ASFV 76237 76238 30.666666666666668
ASFV 76312 76313 24.0
ASFV 76387 76388 29.333333333333332
ASFV 76462 76463 30.666666666666668
ASFV 76537 76538 20.0
ASFV 76612 76613 25.333333333333332
ASFV 76687 76688 25.333333333333332
ASFV 76762 76763 14.666666666666666
ASFV 76837 76838 20.0
ASFV 76912 76913 25.333333333333332
ASFV 76987 76988 20.0
ASFV 77062 77063 32.0
ASFV 77137 77138 29.333333333333332
ASFV 77212 77213 20.0
ASFV 77287 77288 26.666666666666668
ASFV 77362 77363 26.666666666666668
ASFV 77437 77438 30.666666666666668
ASFV 77512 77513 25.333333333333332
ASFV 77587 77588 14.666666666666666
ASFV 77662 77663 17.333333333333332
ASFV 77737 77738 24.0
ASFV 77812 77813 20.0
ASFV 77887 77888 28.0
ASFV 77962 77963 28.0
ASFV 78037 78038 29.333333333333332
ASFV 78112 78113 22.666666666666668
ASFV 78187 78188 30.666666666666668
ASFV 78262 78263 34.666666666666664
ASFV 78337 78338 26.666666666666668
ASFV 78412 78413 17.333333333333332
ASFV 78487 78488 29.333333333333332
ASFV 78562 78563 30.666666666666668
ASFV 78637 78638 24.0
ASFV 78712 78713 20.0
ASFV 78787 78788 21.333333333333332
ASFV 78862 78863 30.666666666666668
ASFV 78937 78938 30.666666666666668
ASFV 79012 79013 26.666666666666668
ASFV 79087 79088 29.333333333333332
ASFV 79162 79163 42.666666666666664
ASFV 79237 79238 20.0
ASFV 79312 79313 26.666666666666668
ASFV 79387 79388 26.666666666666668
ASFV 79462 79463 30.666666666666668
ASFV 79537 79538 18.666666666666668
ASFV 79612 79613 29.333333333333332
ASFV 79687 79688 18.666666666666668
ASFV 79762 79763 20.0
ASFV 79837 79838 29.333333333333332
ASFV 79912 79913 14.666666666666666
ASFV 79987 79988 28.0
ASFV 80062 80063 26.666666666666668
ASFV 80137 80138 25.333333333333332
ASFV 80212 80213 29.333333333333332
ASFV 80287 80288 25.333333333333332
ASFV 80362 80363 24.0
ASFV 80437 80438 29.333333333333332
ASFV 80512 80513 37.333333333333336
ASFV 80587 80588 17.333333333333332
ASFV 80662 80663 28.0
ASFV 80737 80738 29.333333333333332
ASFV 80812 80813 40.0
ASFV 80887 80888 34.666666666666664
ASFV 80962 80963 30.666666666666668
ASFV 81037 81038 41.333333333333336
ASFV 81112 81113 29.333333333333332
ASFV 81187 81188 28.0
ASFV 81262 81263 28.0
ASFV 81337 81338 25.333333333333332
ASFV 81412 81413 25.333333333333332
ASFV 81487 81488 26.666666666666668
ASFV 81562 81563 14.666666666666666
ASFV 81637 81638 21.333333333333332
ASFV 81712 81713 26.666666666666668
ASFV 81787 81788 24.0
ASFV 81862 81863 28.0
ASFV 81937 81938 18.666666666666668
ASFV 82012 82013 22.666666666666668
ASFV 82087 82088 30.666666666666668
ASFV 82162 82163 29.333333333333332
ASFV 82237 82238 36.0
ASFV 82312 82313 29.333333333333332
ASFV 82387 82388 36.0
ASFV 82462 82463 37.333333333333336
ASFV 82537 82538 34.666666666666664
ASFV 82612 82613 41.333333333333336
ASFV 82687 82688 32.0
ASFV 82762 82763 29.333333333333332
ASFV 82837 82838 25.333333333333332
ASFV 82912 82913 33.333333333333336
ASFV 82987 82988 45.333333333333336
ASFV 83062 83063 33.333333333333336
ASFV 83137 83138 29.333333333333332
ASFV 83212 83213 18.666666666666668
ASFV 83287 83288 21.333333333333332
ASFV 83362 83363 21.333333333333332
ASFV 83437 83438 28.0
ASFV 83512 83513 28.0
ASFV 83587 83588 22.666666666666668
ASFV 83662 83663 26.666666666666668
ASFV 83737 83738 22.666666666666668
ASFV 83812 83813 20.0
ASFV 83887 83888 21.333333333333332
ASFV 83962 83963 26.666666666666668
ASFV 84037 84038 17.333333333333332
ASFV 84112 84113 24.0
ASFV 84187 84188 22.666666666666668
ASFV 84262 84263 32.0
ASFV 84337 84338 21.333333333333332
ASFV 84412 84413 34.666666666666664
ASFV 84487 84488 28.0
ASFV 84562 84563 20.0
ASFV 84637 84638 21.333333333333332
ASFV 84712 84713 22.666666666666668
ASFV 84787 84788 21.333333333333332
ASFV 84862 84863 21.333333333333332
ASFV 84937 84938 24.0
ASFV 85012 85013 34.666666666666664
ASFV 85087 85088 17.333333333333332
ASFV 85162 85163 33.333333333333336
ASFV 85237 85238 24.0
ASFV 85312 85313 40.0
ASFV 85387 85388 18.666666666666668
ASFV 85462 85463 32.0
ASFV 85537 85538 25.333333333333332
ASFV 85612 85613 29.333333333333332
ASFV 85687 85688 37.333333333333336
ASFV 85762 85763 28.0
ASFV 85837 85838 24.0
ASFV 85912 85913 18.666666666666668
ASFV 85987 85988 22.666666666666668
ASFV 86062 86063 36.0
ASFV 86137 86138 26.666666666666668
ASFV 86212 86213 16.0
ASFV 86287 86288 26.666666666666668
ASFV 86362 86363 29.333333333333332
ASFV 86437 86438 22.666666666666668
ASFV 86512 86513 37.333333333333336
ASFV 86587 86588 29.333333333333332
ASFV 86662 86663 36.0
ASFV 86737 86738 37.333333333333336
ASFV 86812 86813 34.666666666666664
ASFV 86887 86888 32.0
ASFV 86962 86963 25.333333333333332
ASFV 87037 87038 22.666666666666668
ASFV 87112 87113 36.0
ASFV 87187 87188 26.666666666666668
ASFV 87262 87263 24.0
ASFV 87337 87338 30.666666666666668
ASFV 87412 87413 18.666666666666668
ASFV 87487 87488 32.0
ASFV 87562 87563 28.0
ASFV 87637 87638 30.666666666666668
ASFV 87712 87713 33.333333333333336
ASFV 87787 87788 26.666666666666668
ASFV 87862 87863 22.666666666666668
ASFV 87937 87938 20.0
ASFV 88012 88013 20.0
ASFV 88087 88088 28.0
ASFV 88162 88163 22.666666666666668
ASFV 88237 88238 28.0
ASFV 88312 88313 18.666666666666668
ASFV 88387 88388 25.333333333333332
ASFV 88462 88463 25.333333333333332
ASFV 88537 88538 34.666666666666664
ASFV 88612 88613 21.333333333333332
ASFV 88687 88688 29.333333333333332
ASFV 88762 88763 37.333333333333336
ASFV 88837 88838 24.0
ASFV 88912 88913 32.0
ASFV 88987 88988 24.0
ASFV 89062 89063 25.333333333333332
ASFV 89137 89138 22.666666666666668
ASFV 89212 89213 45.333333333333336
ASFV 89287 89288 30.666666666666668
ASFV 89362 89363 20.0
ASFV 89437 89438 24.0
ASFV 89512 89513 24.0
ASFV 89587 89588 33.333333333333336
ASFV 89662 89663 24.0
ASFV 89737 89738 29.333333333333332
ASFV 89812 89813 28.0
ASFV 89887 89888 32.0
ASFV 89962 89963 28.0
ASFV 90037 90038 26.666666666666668
ASFV 90112 90113 20.0
ASFV 90187 90188 26.666666666666668
ASFV 90262 90263 21.333333333333332
ASFV 90337 90338 16.0
ASFV 90412 90413 22.666666666666668
ASFV 90487 90488 32.0
ASFV 90562 90563 26.666666666666668
ASFV 90637 90638 26.666666666666668
ASFV 90712 90713 32.0
ASFV 90787 90788 28.0
ASFV 90862 90863 32.0
ASFV 90937 90938 22.666666666666668
ASFV 91012 91013 26.666666666666668
ASFV 91087 91088 37.333333333333336
ASFV 91162 91163 13.333333333333334
ASFV 91237 91238 34.666666666666664
ASFV 91312 91313 29.333333333333332
ASFV 91387 91388 29.333333333333332
ASFV 91462 91463 20.0
ASFV 91537 91538 17.333333333333332
ASFV 91612 91613 34.666666666666664
ASFV 91687 91688 28.0
ASFV 91762 91763 41.333333333333336
ASFV 91837 91838 28.0
ASFV 91912 91913 40.0
ASFV 91987 91988 37.333333333333336
ASFV 92062 92063 26.666666666666668
ASFV 92137 92138 24.0
ASFV 92212 92213 30.666666666666668
ASFV 92287 92288 33.333333333333336
ASFV 92362 92363 30.666666666666668
ASFV 92437 92438 33.333333333333336
ASFV 92512 92513 22.666666666666668
ASFV 92587 92588 32.0
ASFV 92662 92663 33.333333333333336
ASFV 92737 92738 29.333333333333332
ASFV 92812 92813 20.0
ASFV 92887 92888 45.333333333333336
ASFV 92962 92963 22.666666666666668
ASFV 93037 93038 24.0
ASFV 93112 93113 24.0
ASFV 93187 93188 25.333333333333332
ASFV 93262 93263 33.333333333333336
ASFV 93337 93338 32.0
ASFV 93412 93413 28.0
ASFV 93487 93488 22.666666666666668
ASFV 93562 93563 20.0
ASFV 93637 93638 32.0
ASFV 93712 93713 25.333333333333332
ASFV 93787 93788 18.666666666666668
ASFV 93862 93863 34.666666666666664
ASFV 93937 93938 30.666666666666668
ASFV 94012 94013 22.666666666666668
ASFV 94087 94088 22.666666666666668
ASFV 94162 94163 16.0
ASFV 94237 94238 26.666666666666668
ASFV 94312 94313 13.333333333333334
ASFV 94387 94388 16.0
ASFV 94462 94463 24.0
ASFV 94537 94538 34.666666666666664
ASFV 94612 94613 24.0
ASFV 94687 94688 25.333333333333332
ASFV 94762 94763 28.0
ASFV 94837 94838 24.0
ASFV 94912 94913 32.0
ASFV 94987 94988 24.0
ASFV 95062 95063 28.0
ASFV 95137 95138 28.0
ASFV 95212 95213 25.333333333333332
ASFV 95287 95288 33.333333333333336
ASFV 95362 95363 30.666666666666668
ASFV 95437 95438 17.333333333333332
ASFV 95512 95513 26.666666666666668
ASFV 95587 95588 37.333333333333336
ASFV 95662 95663 22.666666666666668
ASFV 95737 95738 24.0
ASFV 95812 95813 20.0
ASFV 95887 95888 29.333333333333332
ASFV 95962 95963 30.666666666666668
ASFV 96037 96038 21.333333333333332
ASFV 96112 96113 26.666666666666668
ASFV 96187 96188 21.333333333333332
ASFV 96262 96263 33.333333333333336
ASFV 96337 96338 30.666666666666668
ASFV 96412 96413 21.333333333333332
ASFV 96487 96488 34.666666666666664
ASFV 96562 96563 25.333333333333332
ASFV 96637 96638 26.666666666666668
ASFV 96712 96713 25.333333333333332
ASFV 96787 96788 21.333333333333332
ASFV 96862 96863 25.333333333333332
ASFV 96937 96938 25.333333333333332
ASFV 97012 97013 20.0
ASFV 97087 97088 28.0
ASFV 97162 97163 28.0
ASFV 97237 97238 29.333333333333332
ASFV 97312 97313 26.666666666666668
ASFV 97387 97388 25.333333333333332
ASFV 97462 97463 28.0
ASFV 97537 97538 26.666666666666668
ASFV 97612 97613 21.333333333333332
ASFV 97687 97688 26.666666666666668
ASFV 97762 97763 28.0
ASFV 97837 97838 24.0
ASFV 97912 97913 22.666666666666668
ASFV 97987 97988 24.0
ASFV 98062 98063 33.333333333333336
ASFV 98137 98138 20.0
ASFV 98212 98213 24.0
ASFV 98287 98288 29.333333333333332
ASFV 98362 98363 32.0
ASFV 98437 98438 25.333333333333332
ASFV 98512 98513 24.0
ASFV 98587 98588 21.333333333333332
ASFV 98662 98663 28.0
ASFV 98737 98738 22.666666666666668
ASFV 98812 98813 20.0
ASFV 98887 98888 28.0
ASFV 98962 98963 18.666666666666668
ASFV 99037 99038 18.666666666666668
ASFV 99112 99113 18.666666666666668
ASFV 99187 99188 33.333333333333336
ASFV 99262 99263 21.333333333333332
ASFV 99337 99338 25.333333333333332
ASFV 99412 99413 25.333333333333332
ASFV 99487 99488 26.666666666666668
ASFV 99562 99563 21.333333333333332
ASFV 99637 99638 20.0
ASFV 99712 99713 29.333333333333332
ASFV 99787 99788 32.0
ASFV 99862 99863 30.666666666666668
ASFV 99937 99938 37.333333333333336
ASFV 100012 100013 29.333333333333332
ASFV 100087 100088 28.0
ASFV 100162 100163 37.333333333333336
ASFV 100237 100238 17.333333333333332
ASFV 100312 100313 45.333333333333336
ASFV 100387 100388 36.0
ASFV 100462 100463 41.333333333333336
ASFV 100537 100538 22.666666666666668
ASFV 100612 100613 24.0
ASFV 100687 100688 26.666666666666668
ASFV 100762 100763 18.666666666666668
ASFV 100837 100838 24.0
ASFV 100912 100913 34.666666666666664
ASFV 100987 100988 29.333333333333332
ASFV 101062 101063 28.0
ASFV 101137 101138 26.666666666666668
ASFV 101212 101213 20.0
ASFV 101287 101288 21.333333333333332
ASFV 101362 101363 29.333333333333332
ASFV 101437 101438 25.333333333333332
ASFV 101512 101513 26.666666666666668
ASFV 101587 101588 34.666666666666664
ASFV 101662 101663 28.0
ASFV 101737 101738 24.0
ASFV 101812 101813 29.333333333333332
ASFV 101887 101888 32.0
ASFV 101962 101963 24.0
ASFV 102037 102038 26.666666666666668
ASFV 102112 102113 25.333333333333332
ASFV 102187 102188 34.666666666666664
ASFV 102262 102263 29.333333333333332
ASFV 102337 102338 21.333333333333332
ASFV 102412 102413 28.0
ASFV 102487 102488 34.666666666666664
ASFV 102562 102563 24.0
ASFV 102637 102638 21.333333333333332
ASFV 102712 102713 21.333333333333332
ASFV 102787 102788 36.0
ASFV 102862 102863 25.333333333333332
ASFV 102937 102938 38.666666666666664
ASFV 103012 103013 28.0
ASFV 103087 103088 24.0
ASFV 103162 103163 26.666666666666668
ASFV 103237 103238 29.333333333333332
ASFV 103312 103313 26.666666666666668
ASFV 103387 103388 21.333333333333332
ASFV 103462 103463 30.666666666666668
ASFV 103537 103538 26.666666666666668
ASFV 103612 103613 22.666666666666668
ASFV 103687 103688 18.666666666666668
ASFV 103762 103763 29.333333333333332
ASFV 103837 103838 40.0
ASFV 103912 103913 30.666666666666668
ASFV 103987 103988 30.666666666666668
ASFV 104062 104063 32.0
ASFV 104137 104138 22.666666666666668
ASFV 104212 104213 24.0
ASFV 104287 104288 20.0
ASFV 104362 104363 40.0
ASFV 104437 104438 32.0
ASFV 104512 104513 24.0
ASFV 104587 104588 22.666666666666668
ASFV 104662 104663 18.666666666666668
ASFV 104737 104738 25.333333333333332
ASFV 104812 104813 26.666666666666668
ASFV 104887 104888 26.666666666666668
ASFV 104962 104963 21.333333333333332
ASFV 105037 105038 36.0
ASFV 105112 105113 30.666666666666668
ASFV 105187 105188 24.0
ASFV 105262 105263 29.333333333333332
ASFV 105337 105338 28.0
ASFV 105412 105413 20.0
ASFV 105487 105488 29.333333333333332
ASFV 105562 105563 22.666666666666668
ASFV 105637 105638 32.0
ASFV 105712 105713 14.666666666666666
ASFV 105787 105788 26.666666666666668
ASFV 105862 105863 18.666666666666668
ASFV 105937 105938 28.0
ASFV 106012 106013 18.666666666666668
ASFV 106087 106088 18.666666666666668
ASFV 106162 106163 26.666666666666668
ASFV 106237 106238 30.666666666666668
ASFV 106312 106313 18.666666666666668
ASFV 106387 106388 28.0
ASFV 106462 106463 34.666666666666664
ASFV 106537 106538 25.333333333333332
ASFV 106612 106613 26.666666666666668
ASFV 106687 106688 22.666666666666668
ASFV 106762 106763 16.0
ASFV 106837 106838 21.333333333333332
ASFV 106912 106913 25.333333333333332
ASFV 106987 106988 20.0
ASFV 107062 107063 33.333333333333336
ASFV 107137 107138 24.0
ASFV 107212 107213 34.666666666666664
ASFV 107287 107288 16.0
ASFV 107362 107363 26.666666666666668
ASFV 107437 107438 21.333333333333332
ASFV 107512 107513 28.0
ASFV 107587 107588 18.666666666666668
ASFV 107662 107663 21.333333333333332
ASFV 107737 107738 17.333333333333332
ASFV 107812 107813 30.666666666666668
ASFV 107887 107888 33.333333333333336
ASFV 107962 107963 44.0
ASFV 108037 108038 24.0
ASFV 108112 108113 29.333333333333332
ASFV 108187 108188 21.333333333333332
ASFV 108262 108263 24.0
ASFV 108337 108338 24.0
ASFV 108412 108413 29.333333333333332
ASFV 108487 108488 41.333333333333336
ASFV 108562 108563 33.333333333333336
ASFV 108637 108638 28.0
ASFV 108712 108713 28.0
ASFV 108787 108788 21.333333333333332
ASFV 108862 108863 24.0
ASFV 108937 108938 18.666666666666668
ASFV 109012 109013 28.0
ASFV 109087 109088 16.0
ASFV 109162 109163 25.333333333333332
ASFV 109237 109238 34.666666666666664
ASFV 109312 109313 37.333333333333336
ASFV 109387 109388 32.0
ASFV 109462 109463 32.0
ASFV 109537 109538 29.333333333333332
ASFV 109612 109613 24.0
ASFV 109687 109688 21.333333333333332
ASFV 109762 109763 22.666666666666668
ASFV 109837 109838 33.333333333333336
ASFV 109912 109913 25.333333333333332
ASFV 109987 109988 21.333333333333332
ASFV 110062 110063 30.666666666666668
ASFV 110137 110138 26.666666666666668
ASFV 110212 110213 30.666666666666668
ASFV 110287 110288 25.333333333333332
ASFV 110362 110363 28.0
ASFV 110437 110438 38.666666666666664
ASFV 110512 110513 30.666666666666668
ASFV 110587 110588 30.666666666666668
ASFV 110662 110663 28.0
ASFV 110737 110738 25.333333333333332
ASFV 110812 110813 22.666666666666668
ASFV 110887 110888 25.333333333333332
ASFV 110962 110963 24.0
ASFV 111037 111038 22.666666666666668
ASFV 111112 111113 30.666666666666668
ASFV 111187 111188 21.333333333333332
ASFV 111262 111263 34.666666666666664
ASFV 111337 111338 36.0
ASFV 111412 111413 33.333333333333336
ASFV 111487 111488 26.666666666666668
ASFV 111562 111563 28.0
ASFV 111637 111638 37.333333333333336
ASFV 111712 111713 33.333333333333336
ASFV 111787 111788 29.333333333333332
ASFV 111862 111863 29.333333333333332
ASFV 111937 111938 33.333333333333336
ASFV 112012 112013 38.666666666666664
ASFV 112087 112088 41.333333333333336
ASFV 112162 112163 38.666666666666664
ASFV 112237 112238 30.666666666666668
ASFV 112312 112313 29.333333333333332
ASFV 112387 112388 29.333333333333332
ASFV 112462 112463 25.333333333333332
ASFV 112537 112538 21.333333333333332
ASFV 112612 112613 21.333333333333332
ASFV 112687 112688 26.666666666666668
ASFV 112762 112763 25.333333333333332
ASFV 112837 112838 20.0
ASFV 112912 112913 25.333333333333332
ASFV 112987 112988 25.333333333333332
ASFV 113062 113063 26.666666666666668
ASFV 113137 113138 25.333333333333332
ASFV 113212 113213 25.333333333333332
ASFV 113287 113288 20.0
ASFV 113362 113363 18.666666666666668
ASFV 113437 113438 16.0
ASFV 113512 113513 25.333333333333332
ASFV 113587 113588 25.333333333333332
ASFV 113662 113663 26.666666666666668
ASFV 113737 113738 24.0
ASFV 113812 113813 24.0
ASFV 113887 113888 26.666666666666668
ASFV 113962 113963 24.0
ASFV 114037 114038 24.0
ASFV 114112 114113 29.333333333333332
ASFV 114187 114188 28.0
ASFV 114262 114263 22.666666666666668
ASFV 114337 114338 26.666666666666668
ASFV 114412 114413 22.666666666666668
ASFV 114487 114488 26.666666666666668
ASFV 114562 114563 22.666666666666668
ASFV 114637 114638 13.333333333333334
ASFV 114712 114713 24.0
ASFV 114787 114788 18.666666666666668
ASFV 114862 114863 20.0
ASFV 114937 114938 24.0
ASFV 115012 115013 22.666666666666668
ASFV 115087 115088 21.333333333333332
ASFV 115162 115163 26.666666666666668
ASFV 115237 115238 29.333333333333332
ASFV 115312 115313 26.666666666666668
ASFV 115387 115388 29.333333333333332
ASFV 115462 115463 24.0
ASFV 115537 115538 30.666666666666668
ASFV 115612 115613 25.333333333333332
ASFV 115687 115688 20.0
ASFV 115762 115763 21.333333333333332
ASFV 115837 115838 24.0
ASFV 115912 115913 24.0
ASFV 115987 115988 21.333333333333332
ASFV 116062 116063 21.333333333333332
ASFV 116137 116138 28.0
ASFV 116212 116213 18.666666666666668
ASFV 116287 116288 28.0
ASFV 116362 116363 22.666666666666668
ASFV 116437 116438 21.333333333333332
ASFV 116512 116513 25.333333333333332
ASFV 116587 116588 21.333333333333332
ASFV 116662 116663 38.666666666666664
ASFV 116737 116738 29.333333333333332
ASFV 116812 116813 32.0
ASFV 116887 116888 30.666666666666668
ASFV 116962 116963 22.666666666666668
ASFV 117037 117038 16.0
ASFV 117112 117113 26.666666666666668
ASFV 117187 117188 25.333333333333332
ASFV 117262 117263 29.333333333333332
ASFV 117337 117338 30.666666666666668
ASFV 117412 117413 32.0
ASFV 117487 117488 14.666666666666666
ASFV 117562 117563 30.666666666666668
ASFV 117637 117638 16.0
ASFV 117712 117713 20.0
ASFV 117787 117788 29.333333333333332
ASFV 117862 117863 21.333333333333332
ASFV 117937 117938 34.666666666666664
ASFV 118012 118013 42.666666666666664
ASFV 118087 118088 40.0
ASFV 118162 118163 20.0
ASFV 118237 118238 22.666666666666668
ASFV 118312 118313 32.0
ASFV 118387 118388 34.666666666666664
ASFV 118462 118463 26.666666666666668
ASFV 118537 118538 18.666666666666668
ASFV 118612 118613 18.666666666666668
ASFV 118687 118688 30.666666666666668
ASFV 118762 118763 24.0
ASFV 118837 118838 22.666666666666668
ASFV 118912 118913 22.666666666666668
ASFV 118987 118988 32.0
ASFV 119062 119063 26.666666666666668
ASFV 119137 119138 22.666666666666668
ASFV 119212 119213 30.666666666666668
ASFV 119287 119288 32.0
ASFV 119362 119363 26.666666666666668
ASFV 119437 119438 25.333333333333332
ASFV 119512 119513 32.0
ASFV 119587 119588 32.0
ASFV 119662 119663 22.666666666666668
ASFV 119737 119738 30.666666666666668
ASFV 119812 119813 21.333333333333332
ASFV 119887 119888 20.0
ASFV 119962 119963 26.666666666666668
ASFV 120037 120038 16.0
ASFV 120112 120113 28.0
ASFV 120187 120188 22.666666666666668
ASFV 120262 120263 28.0
ASFV 120337 120338 25.333333333333332
ASFV 120412 120413 28.0
ASFV 120487 120488 34.666666666666664
ASFV 120562 120563 34.666666666666664
ASFV 120637 120638 33.333333333333336
ASFV 120712 120713 29.333333333333332
ASFV 120787 120788 38.666666666666664
ASFV 120862 120863 32.0
ASFV 120937 120938 25.333333333333332
ASFV 121012 121013 24.0
ASFV 121087 121088 21.333333333333332
ASFV 121162 121163 26.666666666666668
ASFV 121237 121238 34.666666666666664
ASFV 121312 121313 30.666666666666668
ASFV 121387 121388 33.333333333333336
ASFV 121462 121463 17.333333333333332
ASFV 121537 121538 40.0
ASFV 121612 121613 44.0
ASFV 121687 121688 16.0
ASFV 121762 121763 32.0
ASFV 121837 121838 22.666666666666668
ASFV 121912 121913 30.666666666666668
ASFV 121987 121988 32.0
ASFV 122062 122063 38.666666666666664
ASFV 122137 122138 36.0
ASFV 122212 122213 25.333333333333332
ASFV 122287 122288 30.666666666666668
ASFV 122362 122363 34.666666666666664
ASFV 122437 122438 32.0
ASFV 122512 122513 38.666666666666664
ASFV 122587 122588 26.666666666666668
ASFV 122662 122663 29.333333333333332
ASFV 122737 122738 21.333333333333332
ASFV 122812 122813 34.666666666666664
ASFV 122887 122888 24.0
ASFV 122962 122963 24.0
ASFV 123037 123038 24.0
ASFV 123112 123113 33.333333333333336
ASFV 123187 123188 37.333333333333336
ASFV 123262 123263 41.333333333333336
ASFV 123337 123338 32.0
ASFV 123412 123413 41.333333333333336
ASFV 123487 123488 32.0
ASFV 123562 123563 28.0
ASFV 123637 123638 25.333333333333332
ASFV 123712 123713 17.333333333333332
ASFV 123787 123788 22.666666666666668
ASFV 123862 123863 24.0
ASFV 123937 123938 24.0
ASFV 124012 124013 29.333333333333332
ASFV 124087 124088 34.666666666666664
ASFV 124162 124163 28.0
ASFV 124237 124238 26.666666666666668
ASFV 124312 124313 25.333333333333332
ASFV 124387 124388 28.0
ASFV 124462 124463 26.666666666666668
ASFV 124537 124538 21.333333333333332
ASFV 124612 124613 30.666666666666668
ASFV 124687 124688 21.333333333333332
ASFV 124762 124763 21.333333333333332
ASFV 124837 124838 21.333333333333332
ASFV 124912 124913 22.666666666666668
ASFV 124987 124988 32.0
ASFV 125062 125063 24.0
ASFV 125137 125138 21.333333333333332
ASFV 125212 125213 25.333333333333332
ASFV 125287 125288 29.333333333333332
ASFV 125362 125363 28.0
ASFV 125437 125438 28.0
ASFV 125512 125513 21.333333333333332
ASFV 125587 125588 24.0
ASFV 125662 125663 25.333333333333332
ASFV 125737 125738 29.333333333333332
ASFV 125812 125813 25.333333333333332
ASFV 125887 125888 17.333333333333332
ASFV 125962 125963 24.0
ASFV 126037 126038 26.666666666666668
ASFV 126112 126113 20.0
ASFV 126187 126188 16.0
ASFV 126262 126263 36.0
ASFV 126337 126338 30.666666666666668
ASFV 126412 126413 24.0
ASFV 126487 126488 25.333333333333332
ASFV 126562 126563 33.333333333333336
ASFV 126637 126638 18.666666666666668
ASFV 126712 126713 29.333333333333332
ASFV 126787 126788 28.0
ASFV 126862 126863 26.666666666666668
ASFV 126937 126938 32.0
ASFV 127012 127013 41.333333333333336
ASFV 127087 127088 33.333333333333336
ASFV 127162 127163 34.666666666666664
ASFV 127237 127238 22.666666666666668
ASFV 127312 127313 28.0
ASFV 127387 127388 40.0
ASFV 127462 127463 22.666666666666668
ASFV 127537 127538 30.666666666666668
ASFV 127612 127613 33.333333333333336
ASFV 127687 127688 32.0
ASFV 127762 127763 26.666666666666668
ASFV 127837 127838 38.666666666666664
ASFV 127912 127913 30.666666666666668
ASFV 127987 127988 32.0
ASFV 128062 128063 20.0
ASFV 128137 128138 22.666666666666668
ASFV 128212 128213 32.0
ASFV 128287 128288 21.333333333333332
ASFV 128362 128363 28.0
ASFV 128437 128438 33.333333333333336
ASFV 128512 128513 25.333333333333332
ASFV 128587 128588 21.333333333333332
ASFV 128662 128663 22.666666666666668
ASFV 128737 128738 28.0
ASFV 128812 128813 17.333333333333332
ASFV 128887 128888 24.0
ASFV 128962 128963 28.0
ASFV 129037 129038 29.333333333333332
ASFV 129112 129113 33.333333333333336
ASFV 129187 129188 26.666666666666668
ASFV 129262 129263 37.333333333333336
ASFV 129337 129338 26.666666666666668
ASFV 129412 129413 37.333333333333336
ASFV 129487 129488 22.666666666666668
ASFV 129562 129563 21.333333333333332
ASFV 129637 129638 37.333333333333336
ASFV 129712 129713 20.0
ASFV 129787 129788 25.333333333333332
ASFV 129862 129863 29.333333333333332
ASFV 129937 129938 25.333333333333332
ASFV 130012 130013 17.333333333333332
ASFV 130087 130088 14.666666666666666
ASFV 130162 130163 29.333333333333332
ASFV 130237 130238 29.333333333333332
ASFV 130312 130313 28.0
ASFV 130387 130388 24.0
ASFV 130462 130463 21.333333333333332
ASFV 130537 130538 16.0
ASFV 130612 130613 25.333333333333332
ASFV 130687 130688 33.333333333333336
ASFV 130762 130763 17.333333333333332
ASFV 130837 130838 29.333333333333332
ASFV 130912 130913 25.333333333333332
ASFV 130987 130988 25.333333333333332
ASFV 131062 131063 29.333333333333332
ASFV 131137 131138 12.0
ASFV 131212 131213 18.666666666666668
ASFV 131287 131288 26.666666666666668
ASFV 131362 131363 24.0
ASFV 131437 131438 20.0
ASFV 131512 131513 17.333333333333332
ASFV 131587 131588 24.0
ASFV 131662 131663 28.0
ASFV 131737 131738 24.0
ASFV 131812 131813 21.333333333333332
ASFV 131887 131888 38.666666666666664
ASFV 131962 131963 17.333333333333332
ASFV 132037 132038 16.0
ASFV 132112 132113 22.666666666666668
ASFV 132187 132188 16.0
ASFV 132262 132263 22.666666666666668
ASFV 132337 132338 26.666666666666668
ASFV 132412 132413 34.666666666666664
ASFV 132487 132488 24.0
ASFV 132562 132563 20.0
ASFV 132637 132638 33.333333333333336
ASFV 132712 132713 18.666666666666668
ASFV 132787 132788 25.333333333333332
ASFV 132862 132863 17.333333333333332
ASFV 132937 132938 30.666666666666668
ASFV 133012 133013 22.666666666666668
ASFV 133087 133088 17.333333333333332
ASFV 133162 133163 32.0
ASFV 133237 133238 18.666666666666668
ASFV 133312 133313 20.0
ASFV 133387 133388 17.333333333333332
ASFV 133462 133463 24.0
ASFV 133537 133538 29.333333333333332
ASFV 133612 133613 26.666666666666668
ASFV 133687 133688 21.333333333333332
ASFV 133762 133763 36.0
ASFV 133837 133838 30.666666666666668
ASFV 133912 133913 30.666666666666668
ASFV 133987 133988 17.333333333333332
ASFV 134062 134063 30.666666666666668
ASFV 134137 134138 30.666666666666668
ASFV 134212 134213 18.666666666666668
ASFV 134287 134288 41.333333333333336
ASFV 134362 134363 29.333333333333332
ASFV 134437 134438 30.666666666666668
ASFV 134512 134513 37.333333333333336
ASFV 134587 134588 21.333333333333332
ASFV 134662 134663 26.666666666666668
ASFV 134737 134738 20.0
ASFV 134812 134813 22.666666666666668
ASFV 134887 134888 29.333333333333332
ASFV 134962 134963 33.333333333333336
ASFV 135037 135038 25.333333333333332
ASFV 135112 135113 30.666666666666668
ASFV 135187 135188 26.666666666666668
ASFV 135262 135263 26.666666666666668
ASFV 135337 135338 30.666666666666668
ASFV 135412 135413 28.0
ASFV 135487 135488 33.333333333333336
ASFV 135562 135563 28.0
ASFV 135637 135638 25.333333333333332
ASFV 135712 135713 18.666666666666668
ASFV 135787 135788 16.0
ASFV 135862 135863 28.0
ASFV 135937 135938 18.666666666666668
ASFV 136012 136013 29.333333333333332
ASFV 136087 136088 22.666666666666668
ASFV 136162 136163 28.0
ASFV 136237 136238 29.333333333333332
ASFV 136312 136313 26.666666666666668
ASFV 136387 136388 28.0
ASFV 136462 136463 25.333333333333332
ASFV 136537 136538 36.0
ASFV 136612 136613 26.666666666666668
ASFV 136687 136688 26.666666666666668
ASFV 136762 136763 28.0
ASFV 136837 136838 29.333333333333332
ASFV 136912 136913 28.0
ASFV 136987 136988 34.666666666666664
ASFV 137062 137063 24.0
ASFV 137137 137138 22.666666666666668
ASFV 137212 137213 24.0
ASFV 137287 137288 24.0
ASFV 137362 137363 20.0
ASFV 137437 137438 45.333333333333336
ASFV 137512 137513 37.333333333333336
ASFV 137587 137588 26.666666666666668
ASFV 137662 137663 18.666666666666668
ASFV 137737 137738 28.0
ASFV 137812 137813 24.0
ASFV 137887 137888 29.333333333333332
ASFV 137962 137963 32.0
ASFV 138037 138038 21.333333333333332
ASFV 138112 138113 22.666666666666668
ASFV 138187 138188 20.0
ASFV 138262 138263 24.0
ASFV 138337 138338 28.0
ASFV 138412 138413 28.0
ASFV 138487 138488 32.0
ASFV 138562 138563 17.333333333333332
ASFV 138637 138638 25.333333333333332
ASFV 138712 138713 36.0
ASFV 138787 138788 36.0
ASFV 138862 138863 29.333333333333332
ASFV 138937 138938 36.0
ASFV 139012 139013 33.333333333333336
ASFV 139087 139088 25.333333333333332
ASFV 139162 139163 41.333333333333336
ASFV 139237 139238 46.666666666666664
ASFV 139312 139313 33.333333333333336
ASFV 139387 139388 25.333333333333332
ASFV 139462 139463 40.0
ASFV 139537 139538 38.666666666666664
ASFV 139612 139613 29.333333333333332
ASFV 139687 139688 26.666666666666668
ASFV 139762 139763 33.333333333333336
ASFV 139837 139838 36.0
ASFV 139912 139913 26.666666666666668
ASFV 139987 139988 28.0
ASFV 140062 140063 24.0
ASFV 140137 140138 22.666666666666668
ASFV 140212 140213 29.333333333333332
ASFV 140287 140288 22.666666666666668
ASFV 140362 140363 34.666666666666664
ASFV 140437 140438 25.333333333333332
ASFV 140512 140513 24.0
ASFV 140587 140588 20.0
ASFV 140662 140663 21.333333333333332
ASFV 140737 140738 25.333333333333332
ASFV 140812 140813 29.333333333333332
ASFV 140887 140888 22.666666666666668
ASFV 140962 140963 18.666666666666668
ASFV 141037 141038 33.333333333333336
ASFV 141112 141113 18.666666666666668
ASFV 141187 141188 25.333333333333332
ASFV 141262 141263 22.666666666666668
ASFV 141337 141338 14.666666666666666
ASFV 141412 141413 22.666666666666668
ASFV 141487 141488 21.333333333333332
ASFV 141562 141563 34.666666666666664
ASFV 141637 141638 30.666666666666668
ASFV 141712 141713 21.333333333333332
ASFV 141787 141788 22.666666666666668
ASFV 141862 141863 24.0
ASFV 141937 141938 28.0
ASFV 142012 142013 20.0
ASFV 142087 142088 33.333333333333336
ASFV 142162 142163 17.333333333333332
ASFV 142237 142238 29.333333333333332
ASFV 142312 142313 24.0
ASFV 142387 142388 21.333333333333332
ASFV 142462 142463 17.333333333333332
ASFV 142537 142538 29.333333333333332
ASFV 142612 142613 26.666666666666668
ASFV 142687 142688 33.333333333333336
ASFV 142762 142763 25.333333333333332
ASFV 142837 142838 30.666666666666668
ASFV 142912 142913 16.0
ASFV 142987 142988 25.333333333333332
ASFV 143062 143063 29.333333333333332
ASFV 143137 143138 22.666666666666668
ASFV 143212 143213 20.0
ASFV 143287 143288 25.333333333333332
ASFV 143362 143363 28.0
ASFV 143437 143438 24.0
ASFV 143512 143513 33.333333333333336
ASFV 143587 143588 13.333333333333334
ASFV 143662 143663 25.333333333333332
ASFV 143737 143738 29.333333333333332
ASFV 143812 143813 29.333333333333332
ASFV 143887 143888 25.333333333333332
ASFV 143962 143963 17.333333333333332
ASFV 144037 144038 24.0
ASFV 144112 144113 25.333333333333332
ASFV 144187 144188 26.666666666666668
ASFV 144262 144263 32.0
ASFV 144337 144338 20.0
ASFV 144412 144413 20.0
ASFV 144487 144488 25.333333333333332
ASFV 144562 144563 21.333333333333332
ASFV 144637 144638 30.666666666666668
ASFV 144712 144713 32.0
ASFV 144787 144788 33.333333333333336
ASFV 144862 144863 18.666666666666668
ASFV 144937 144938 26.666666666666668
ASFV 145012 145013 36.0
ASFV 145087 145088 18.666666666666668
ASFV 145162 145163 24.0
ASFV 145237 145238 24.0
ASFV 145312 145313 22.666666666666668
ASFV 145387 145388 36.0
ASFV 145462 145463 20.0
ASFV 145537 145538 14.666666666666666
ASFV 145612 145613 8.0
ASFV 145687 145688 12.0
ASFV 145762 145763 22.666666666666668
ASFV 145837 145838 46.666666666666664
ASFV 145912 145913 30.666666666666668
ASFV 145987 145988 34.666666666666664
ASFV 146062 146063 29.333333333333332
ASFV 146137 146138 26.666666666666668
ASFV 146212 146213 34.666666666666664
ASFV 146287 146288 18.666666666666668
ASFV 146362 146363 30.666666666666668
ASFV 146437 146438 22.666666666666668
ASFV 146512 146513 26.666666666666668
ASFV 146587 146588 14.666666666666666
ASFV 146662 146663 12.0
ASFV 146737 146738 20.0
ASFV 146812 146813 29.333333333333332
ASFV 146887 146888 26.666666666666668
ASFV 146962 146963 26.666666666666668
ASFV 147037 147038 30.666666666666668
ASFV 147112 147113 28.0
ASFV 147187 147188 24.0
ASFV 147262 147263 37.333333333333336
ASFV 147337 147338 36.0
ASFV 147412 147413 37.333333333333336
ASFV 147487 147488 16.0
ASFV 147562 147563 40.0
ASFV 147637 147638 34.666666666666664
ASFV 147712 147713 24.0
ASFV 147787 147788 29.333333333333332
ASFV 147862 147863 33.333333333333336
ASFV 147937 147938 21.333333333333332
ASFV 148012 148013 20.0
ASFV 148087 148088 26.666666666666668
ASFV 148162 148163 25.333333333333332
ASFV 148237 148238 22.666666666666668
ASFV 148312 148313 33.333333333333336
ASFV 148387 148388 18.666666666666668
ASFV 148462 148463 21.333333333333332
ASFV 148537 148538 21.333333333333332
ASFV 148612 148613 28.0
ASFV 148687 148688 25.333333333333332
ASFV 148762 148763 48.0
ASFV 148837 148838 32.0
ASFV 148912 148913 25.333333333333332
ASFV 148987 148988 40.0
ASFV 149062 149063 38.666666666666664
ASFV 149137 149138 37.333333333333336
ASFV 149212 149213 21.333333333333332
ASFV 149287 149288 25.333333333333332
ASFV 149362 149363 26.666666666666668
ASFV 149437 149438 22.666666666666668
ASFV 149512 149513 24.0
ASFV 149587 149588 40.0
ASFV 149662 149663 18.666666666666668
ASFV 149737 149738 30.666666666666668
ASFV 149812 149813 20.0
ASFV 149887 149888 29.333333333333332
ASFV 149962 149963 20.0
ASFV 150037 150038 22.666666666666668
ASFV 150112 150113 30.666666666666668
ASFV 150187 150188 34.666666666666664
ASFV 150262 150263 33.333333333333336
ASFV 150337 150338 24.0
ASFV 150412 150413 17.333333333333332
ASFV 150487 150488 26.666666666666668
ASFV 150562 150563 21.333333333333332
ASFV 150637 150638 10.666666666666666
ASFV 150712 150713 36.0
ASFV 150787 150788 29.333333333333332
ASFV 150862 150863 25.333333333333332
ASFV 150937 150938 30.666666666666668
ASFV 151012 151013 26.666666666666668
ASFV 151087 151088 18.666666666666668
ASFV 151162 151163 25.333333333333332
ASFV 151237 151238 18.666666666666668
ASFV 151312 151313 26.666666666666668
ASFV 151387 151388 30.666666666666668
ASFV 151462 151463 28.0
ASFV 151537 151538 33.333333333333336
ASFV 151612 151613 34.666666666666664
ASFV 151687 151688 24.0
ASFV 151762 151763 42.666666666666664
ASFV 151837 151838 28.0
ASFV 151912 151913 25.333333333333332
ASFV 151987 151988 30.666666666666668
ASFV 152062 152063 32.0
ASFV 152137 152138 26.666666666666668
ASFV 152212 152213 34.666666666666664
ASFV 152287 152288 21.333333333333332
ASFV 152362 152363 41.333333333333336
ASFV 152437 152438 36.0
ASFV 152512 152513 37.333333333333336
ASFV 152587 152588 44.0
ASFV 152662 152663 41.333333333333336
ASFV 152737 152738 33.333333333333336
ASFV 152812 152813 29.333333333333332
ASFV 152887 152888 18.666666666666668
ASFV 152962 152963 22.666666666666668
ASFV 153037 153038 32.0
ASFV 153112 153113 25.333333333333332
ASFV 153187 153188 21.333333333333332
ASFV 153262 153263 25.333333333333332
ASFV 153337 153338 28.0
ASFV 153412 153413 29.333333333333332
ASFV 153487 153488 29.333333333333332
ASFV 153562 153563 38.666666666666664
ASFV 153637 153638 48.0
ASFV 153712 153713 46.666666666666664
ASFV 153787 153788 34.666666666666664
ASFV 153862 153863 38.666666666666664
ASFV 153937 153938 25.333333333333332
ASFV 154012 154013 30.666666666666668
ASFV 154087 154088 21.333333333333332
ASFV 154162 154163 34.666666666666664
ASFV 154237 154238 29.333333333333332
ASFV 154312 154313 26.666666666666668
ASFV 154387 154388 36.0
ASFV 154462 154463 28.0
ASFV 154537 154538 38.666666666666664
ASFV 154612 154613 20.0
ASFV 154687 154688 42.666666666666664
ASFV 154762 154763 32.0
ASFV 154837 154838 37.333333333333336
ASFV 154912 154913 38.666666666666664
ASFV 154987 154988 42.666666666666664
ASFV 155062 155063 37.333333333333336
ASFV 155137 155138 34.666666666666664
ASFV 155212 155213 34.666666666666664
ASFV 155287 155288 38.666666666666664
ASFV 155362 155363 41.333333333333336
ASFV 155437 155438 29.333333333333332
ASFV 155512 155513 29.333333333333332
ASFV 155587 155588 36.0
ASFV 155662 155663 18.666666666666668
ASFV 155737 155738 24.0
ASFV 155812 155813 28.0
ASFV 155887 155888 52.0
ASFV 155962 155963 29.333333333333332
ASFV 156037 156038 21.333333333333332
ASFV 156112 156113 38.666666666666664
ASFV 156187 156188 28.0
ASFV 156262 156263 26.666666666666668
ASFV 156337 156338 29.333333333333332
ASFV 156412 156413 29.333333333333332
ASFV 156487 156488 34.666666666666664
ASFV 156562 156563 28.0
ASFV 156637 156638 40.0
ASFV 156712 156713 52.0
ASFV 156787 156788 36.0
ASFV 156862 156863 41.333333333333336
ASFV 156937 156938 46.666666666666664
ASFV 157012 157013 21.333333333333332
ASFV 157087 157088 26.666666666666668
ASFV 157162 157163 29.333333333333332
ASFV 157237 157238 25.333333333333332
ASFV 157312 157313 26.666666666666668
ASFV 157387 157388 29.333333333333332
ASFV 157462 157463 24.0
ASFV 157537 157538 29.333333333333332
ASFV 157612 157613 28.0
ASFV 157687 157688 32.0
ASFV 157762 157763 33.333333333333336
ASFV 157837 157838 37.333333333333336
ASFV 157912 157913 25.333333333333332
ASFV 157987 157988 30.666666666666668
ASFV 158062 158063 32.0
ASFV 158137 158138 46.666666666666664
ASFV 158212 158213 42.666666666666664
ASFV 158287 158288 36.0
ASFV 158362 158363 22.666666666666668
ASFV 158437 158438 34.666666666666664
ASFV 158512 158513 33.333333333333336
ASFV 158587 158588 30.666666666666668
ASFV 158662 158663 34.666666666666664
ASFV 158737 158738 41.333333333333336
ASFV 158812 158813 40.0
ASFV 158887 158888 32.0
ASFV 158962 158963 33.333333333333336
ASFV 159037 159038 24.0
ASFV 159112 159113 21.333333333333332
ASFV 159187 159188 33.333333333333336
ASFV 159262 159263 20.0
ASFV 159337 159338 32.0
ASFV 159412 159413 28.0
ASFV 159487 159488 34.666666666666664
ASFV 159562 159563 25.333333333333332
ASFV 159637 159638 32.0
ASFV 159712 159713 29.333333333333332
ASFV 159787 159788 22.666666666666668
ASFV 159862 159863 24.0
ASFV 159937 159938 28.0
ASFV 160012 160013 28.0
ASFV 160087 160088 26.666666666666668
ASFV 160162 160163 36.0
ASFV 160237 160238 26.666666666666668
ASFV 160312 160313 24.0
ASFV 160387 160388 44.0
ASFV 160462 160463 29.333333333333332
ASFV 160537 160538 40.0
ASFV 160612 160613 32.0
ASFV 160687 160688 34.666666666666664
ASFV 160762 160763 36.0
ASFV 160837 160838 26.666666666666668
ASFV 160912 160913 37.333333333333336
ASFV 160987 160988 33.333333333333336
ASFV 161062 161063 38.666666666666664
ASFV 161137 161138 26.666666666666668
ASFV 161212 161213 29.333333333333332
ASFV 161287 161288 34.666666666666664
ASFV 161362 161363 29.333333333333332
ASFV 161437 161438 29.333333333333332
ASFV 161512 161513 33.333333333333336
ASFV 161587 161588 33.333333333333336
ASFV 161662 161663 33.333333333333336
ASFV 161737 161738 28.0
ASFV 161812 161813 37.333333333333336
ASFV 161887 161888 32.0
ASFV 161962 161963 29.333333333333332
ASFV 162037 162038 28.0
ASFV 162112 162113 29.333333333333332
ASFV 162187 162188 34.666666666666664
ASFV 162262 162263 22.666666666666668
ASFV 162337 162338 26.666666666666668
ASFV 162412 162413 26.666666666666668
ASFV 162487 162488 22.666666666666668
ASFV 162562 162563 41.333333333333336
ASFV 162637 162638 41.333333333333336
ASFV 162712 162713 40.0
ASFV 162787 162788 30.666666666666668
ASFV 162862 162863 32.0
ASFV 162937 162938 22.666666666666668
ASFV 163012 163013 29.333333333333332
ASFV 163087 163088 30.666666666666668
ASFV 163162 163163 34.666666666666664
ASFV 163237 163238 46.666666666666664
ASFV 163312 163313 32.0
ASFV 163387 163388 25.333333333333332
ASFV 163462 163463 32.0
ASFV 163537 163538 32.0
ASFV 163612 163613 25.333333333333332
ASFV 163687 163688 20.0
ASFV 163762 163763 38.666666666666664
ASFV 163837 163838 26.666666666666668
ASFV 163912 163913 24.0
ASFV 163987 163988 29.333333333333332
ASFV 164062 164063 25.333333333333332
ASFV 164137 164138 28.0
ASFV 164212 164213 40.0
ASFV 164287 164288 38.666666666666664
ASFV 164362 164363 25.333333333333332
ASFV 164437 164438 16.0
ASFV 164512 164513 22.666666666666668
ASFV 164587 164588 18.666666666666668
ASFV 164662 164663 13.333333333333334
ASFV 164737 164738 21.333333333333332
ASFV 164812 164813 40.0
ASFV 164887 164888 21.333333333333332
ASFV 164962 164963 22.666666666666668
ASFV 165037 165038 26.666666666666668
ASFV 165112 165113 33.333333333333336
ASFV 165187 165188 37.333333333333336
ASFV 165262 165263 25.333333333333332
ASFV 165337 165338 46.666666666666664
ASFV 165412 165413 25.333333333333332
ASFV 165487 165488 36.0
ASFV 165562 165563 33.333333333333336
ASFV 165637 165638 37.333333333333336
ASFV 165712 165713 29.333333333333332
ASFV 165787 165788 29.333333333333332
ASFV 165862 165863 33.333333333333336
ASFV 165937 165938 30.666666666666668
ASFV 166012 166013 28.0
ASFV 166087 166088 28.0
ASFV 166162 166163 37.333333333333336
ASFV 166237 166238 30.666666666666668
ASFV 166312 166313 33.333333333333336
ASFV 166387 166388 36.0
ASFV 166462 166463 25.333333333333332
ASFV 166537 166538 37.333333333333336
ASFV 166612 166613 30.666666666666668
ASFV 166687 166688 33.333333333333336
ASFV 166762 166763 36.0
ASFV 166837 166838 42.666666666666664
ASFV 166912 166913 22.666666666666668
ASFV 166987 166988 41.333333333333336
ASFV 167062 167063 33.333333333333336
ASFV 167137 167138 20.0
ASFV 167212 167213 32.0
ASFV 167287 167288 36.0
ASFV 167362 167363 40.0
ASFV 167437 167438 29.333333333333332
ASFV 167512 167513 25.333333333333332
ASFV 167587 167588 40.0
ASFV 167662 167663 26.666666666666668
ASFV 167737 167738 28.0
ASFV 167812 167813 17.333333333333332
ASFV 167887 167888 36.0
ASFV 167962 167963 36.0
ASFV 168037 168038 42.666666666666664
ASFV 168112 168113 29.333333333333332
ASFV 168187 168188 32.0
ASFV 168262 168263 36.0
ASFV 168337 168338 33.333333333333336
ASFV 168412 168413 40.0
ASFV 168487 168488 36.0
ASFV 168562 168563 34.666666666666664
ASFV 168637 168638 28.0
ASFV 168712 168713 38.666666666666664
ASFV 168787 168788 36.0
ASFV 168862 168863 33.333333333333336
ASFV 168937 168938 33.333333333333336
ASFV 169012 169013 36.0
ASFV 169087 169088 37.333333333333336
ASFV 169162 169163 36.0
ASFV 169237 169238 33.333333333333336
ASFV 169312 169313 34.666666666666664
ASFV 169387 169388 36.0
ASFV 169462 169463 37.333333333333336
ASFV 169537 169538 34.666666666666664
ASFV 169612 169613 33.333333333333336
ASFV 169687 169688 34.666666666666664
ASFV 169762 169763 29.333333333333332
ASFV 169837 169838 26.666666666666668
ASFV 169912 169913 18.666666666666668
ASFV 169987 169988 29.333333333333332
ASFV 170062 170063 37.333333333333336
